32 32
20 22 20 22 20 20 20 20 20 22 22 22 22 20 20 20 20 20 20 20 20 20 20 20 20 20 20 20 20 20 20 22 
20 20 20 20 20 20 22 20 22 20 20 22 20 20 22 20 20 20 22 20 22 20 20 20 20 20 20 20 22 22 20 20 
20 22 20 22 20 22 20 22 20 22 20 20 20 22 20 20 20 22 20 22 22 22 20 22 20 20 20 22 22 22 22 22 
22 20 22 20 20 20 22 22 22 20 22 20 22 20 22 20 20 20 22 22 22 22 20 20 22 20 20 22 22 22 22 22 
20 22 20 22 20 22 22 20 20 20 20 20 20 20 20 20 20 20 20 22 22 20 20 22 20 22 20 20 20 20 20 22 
22 20 22 20 20 20 20 20 56 56 56 56 56 56 56 56 56 20 20 20 22 20 22 20 22 20 20 20 22 20 20 20 
20 22 22 20 20 22 20 56 56 28 28 28 56 56 56 28 28 56 20 20 20 20 20 22 22 20 20 22 20 22 20 20 
22 22 20 20 22 20 20 56 28 31 31 31 28 56 28 31 31 56 56 20 20 20 20 22 22 20 22 20 22 20 22 20 
20 22 20 22 20 22 20 56 28 31 31 31 28 56 28 31 31 28 56 56 20 20 20 22 22 20 20 22 22 22 20 22 
20 20 20 20 22 20 20 56 56 28 28 28 56 56 56 28 28 28 28 56 56 20 20 20 20 20 22 22 22 22 22 20 
20 20 20 20 20 20 20 56 56 56 56 56 56 56 56 56 56 56 56 56 56 20 20 20 20 20 22 22 22 22 22 20 
20 56 56 56 56 20 20 20 20 20 56 28 28 56 20 20 20 20 20 20 20 20 20 20 22 20 20 22 22 22 20 20 
20 56 28 28 56 56 20 20 20 20 56 28 28 56 20 20 20 20 20 20 20 20 20 20 20 20 20 20 20 20 20 22 
20 56 28 31 28 56 56 56 56 56 56 56 56 56 56 56 56 56 56 56 56 56 56 56 56 56 56 56 56 20 20 22 
20 56 56 31 31 28 28 28 28 56 56 64 64 56 56 28 28 28 28 28 28 28 28 28 28 28 28 28 56 56 20 20 
20 20 56 56 56 56 56 56 56 56 64 31 64 64 56 56 28 31 31 31 31 31 31 31 31 31 28 28 28 56 56 20 
20 20 56 56 56 56 56 56 56 56 64 31 64 64 56 56 28 31 31 31 31 31 31 31 31 31 28 28 28 56 56 20 
20 56 56 31 31 28 28 28 28 56 56 64 64 56 56 28 28 28 28 28 28 28 28 28 28 28 28 28 56 56 20 20 
20 56 28 31 28 56 56 56 56 56 56 56 56 56 56 56 56 56 56 56 56 56 56 56 56 56 56 56 56 20 20 20 
20 56 28 28 56 56 20 20 20 20 56 28 28 56 20 20 20 20 20 20 20 20 20 20 20 20 20 20 20 20 22 22 
20 56 56 56 56 20 20 20 20 20 56 28 28 56 20 20 20 20 20 20 20 20 20 22 22 20 20 22 20 22 22 22 
20 20 20 20 20 20 20 56 56 56 56 56 56 56 56 56 56 56 56 56 56 20 20 22 20 20 20 20 20 20 20 22 
20 22 20 22 20 20 20 56 56 28 28 28 56 56 56 28 28 28 28 56 56 20 20 20 20 20 20 22 20 22 20 20 
20 20 22 20 22 20 20 56 28 31 31 31 28 56 28 31 31 28 56 56 20 20 20 20 22 20 22 20 22 20 22 20 
20 22 20 22 20 20 20 56 28 31 31 31 28 56 28 31 31 56 56 20 20 22 20 22 20 20 20 22 20 22 20 20 
22 20 22 22 20 20 20 56 56 28 28 28 56 56 56 28 28 56 20 20 22 20 20 20 22 20 20 20 20 20 20 20 
22 22 22 22 20 22 20 20 56 56 56 56 56 56 56 56 56 20 20 20 20 20 20 22 20 22 22 22 20 22 20 20 
20 20 22 22 20 20 22 20 20 20 20 20 20 20 20 20 20 20 20 20 22 20 20 20 22 22 22 22 22 20 22 20 
20 22 20 22 20 22 22 22 22 22 22 20 20 22 20 22 20 22 20 22 20 22 20 22 22 22 22 22 22 22 20 20 
20 22 22 20 20 20 22 22 22 22 20 20 22 20 22 20 20 20 22 20 22 20 20 20 22 20 22 20 22 20 22 20 
20 22 20 22 20 20 22 22 22 20 20 20 20 22 20 20 20 22 20 22 22 22 20 20 20 20 20 22 20 22 20 20 
20 20 22 20 22 20 20 20 20 20 22 22 20 20 20 20 22 20 22 22 22 22 20 20 22 20 20 20 20 20 20 20 
