32 32
20 22 20 22 20 20 20 20 20 20 22 22 22 20 20 20 20 20 20 20 20 20 20 20 20 20 20 20 20 20 20 22 
20 20 20 20 20 20 137 137 137 20 20 22 20 20 22 20 20 20 22 20 22 20 20 20 20 20 20 20 22 22 20 20 
20 22 20 22 20 137 64 64 64 137 20 20 20 22 20 20 20 22 20 22 22 22 20 22 20 20 20 22 22 22 22 22 
22 20 22 20 20 137 64 65 65 137 137 137 20 20 22 20 20 20 22 22 22 22 20 20 22 20 20 22 22 22 22 22 
20 22 20 22 20 20 137 65 89 137 64 64 137 20 20 20 20 20 22 22 22 20 20 22 20 22 20 20 20 20 20 22 
22 20 22 20 20 20 137 65 89 137 64 65 137 137 137 20 20 20 22 20 22 20 22 20 22 20 20 20 22 20 20 20 
20 22 22 20 20 20 137 65 89 137 64 65 137 163 163 137 20 20 20 22 20 20 20 22 22 20 20 22 20 22 20 20 
22 22 20 20 22 20 137 65 89 137 64 65 137 163 64 137 20 20 22 20 22 20 20 22 22 20 22 20 22 20 22 20 
20 22 20 20 20 20 137 65 89 137 64 65 137 163 64 137 20 22 20 22 20 22 20 22 22 20 20 22 22 22 20 22 
20 20 20 20 137 137 137 65 89 137 64 65 137 163 64 137 20 20 20 20 20 22 20 20 20 20 22 22 22 22 22 20 
20 20 20 137 89 64 137 65 65 137 64 64 137 163 64 137 137 137 137 137 20 20 20 20 20 20 22 22 22 22 22 20 
20 20 137 137 64 64 137 137 137 137 137 137 137 163 64 137 137 163 163 137 137 20 20 20 22 20 20 22 22 22 20 20 
20 137 89 64 137 137 137 28 28 28 28 137 137 163 163 137 163 163 163 163 137 20 20 22 20 22 20 20 20 20 20 22 
20 137 64 64 137 137 28 28 95 95 28 28 137 137 163 137 137 163 163 163 137 20 20 20 20 20 20 20 20 20 20 22 
20 20 137 137 137 28 28 31 31 95 95 28 28 137 137 137 137 137 137 137 137 137 137 137 137 137 137 137 137 137 20 20 
20 137 89 64 137 28 95 31 95 95 95 28 28 137 163 64 64 64 64 64 64 64 64 64 64 64 64 64 64 163 137 20 
20 137 64 64 137 28 95 95 95 95 95 28 28 137 163 163 64 64 64 64 64 64 64 64 64 64 64 64 163 163 137 20 
20 20 137 137 137 28 28 95 95 95 28 28 28 137 137 137 137 137 137 137 137 137 137 137 137 137 137 137 137 137 20 20 
20 137 89 64 137 137 28 28 28 28 28 28 137 137 163 137 137 163 163 163 137 20 20 20 20 20 20 20 20 20 20 20 
20 137 64 64 137 137 137 28 28 28 28 137 137 163 163 137 163 163 163 163 137 20 20 22 22 20 22 20 22 20 22 22 
20 20 137 137 89 64 137 137 137 137 137 137 137 163 64 137 137 163 163 137 137 20 20 22 22 20 20 22 20 22 22 22 
20 20 20 137 64 64 137 65 65 137 64 64 137 163 64 137 137 137 137 137 20 20 20 22 20 20 20 20 20 20 20 22 
20 22 20 20 137 137 137 65 89 137 64 65 137 163 64 137 20 20 20 20 20 22 20 20 20 20 20 22 20 22 20 20 
20 20 22 20 20 20 137 65 89 137 64 65 137 163 64 137 20 22 22 22 22 20 20 20 22 20 22 20 22 20 22 20 
20 22 20 22 20 20 137 65 89 137 64 65 137 163 64 137 20 22 20 22 20 22 20 22 20 20 20 22 20 22 20 20 
22 20 22 22 20 20 137 65 89 137 64 65 137 163 163 137 20 20 22 20 22 20 20 20 22 20 20 20 20 20 20 20 
22 22 22 22 20 20 137 65 89 137 64 65 137 137 137 20 20 20 20 20 20 20 20 22 20 22 22 22 20 22 20 20 
20 20 22 22 20 20 137 65 89 137 64 64 137 20 20 20 20 20 22 20 22 20 20 20 22 22 22 22 22 20 22 20 
20 22 20 22 20 137 64 65 65 137 137 137 20 20 20 22 20 22 20 22 20 22 20 22 22 22 22 22 22 22 20 20 
20 22 22 20 20 137 64 64 64 137 20 20 20 20 22 20 20 20 22 20 22 20 20 20 22 20 22 20 22 20 22 20 
20 22 20 22 20 20 137 137 137 20 20 20 20 22 20 20 20 22 20 22 22 22 20 20 20 20 20 22 20 22 20 20 
20 20 22 20 22 20 20 20 20 20 22 22 20 20 20 20 22 20 22 22 22 22 20 20 22 20 20 20 20 20 20 20 
