32 32
20 20 163 163 163 163 163 163 163 163 163 163 163 163 163 163 163 163 163 163 163 163 163 163 163 163 163 163 163 163 20 20 
20 163 163 64 64 64 64 64 64 64 64 64 64 64 64 64 64 64 64 64 64 64 64 64 64 64 64 64 64 163 163 20 
163 163 64 64 64 64 64 64 64 64 64 64 64 64 64 64 64 64 64 64 64 64 64 64 64 64 64 64 64 64 163 163 
163 64 64 64 64 163 163 163 163 163 163 163 163 163 163 163 163 163 163 163 163 163 163 163 163 163 163 64 64 64 64 163 
163 64 64 64 163 64 64 64 64 64 64 64 64 64 64 64 64 64 64 64 64 64 64 64 64 64 64 163 64 64 64 163 
163 64 64 64 163 64 163 163 163 163 163 163 163 163 163 163 163 163 163 163 163 163 163 163 163 163 64 163 64 64 64 163 
163 64 64 64 163 64 163 64 64 64 64 64 64 64 64 64 64 64 64 64 64 64 64 64 64 163 64 163 64 64 64 163 
163 64 64 64 163 64 163 64 64 64 64 64 64 64 64 64 64 64 64 64 64 64 64 64 64 163 64 163 64 64 64 163 
163 64 64 64 163 64 163 64 64 64 64 163 64 64 64 64 64 64 64 64 163 64 64 64 64 163 64 163 64 64 64 163 
163 64 64 64 163 64 163 163 163 163 64 163 64 64 64 64 64 64 64 64 163 64 163 163 163 163 64 163 64 64 64 163 
163 64 64 64 163 64 64 64 64 64 64 163 64 64 64 64 64 64 64 64 163 64 64 64 64 64 64 163 64 64 64 163 
163 64 64 64 64 163 163 163 163 163 163 64 64 64 64 163 163 64 64 64 64 163 163 163 163 163 163 64 64 64 64 163 
163 64 64 64 64 64 64 64 64 64 64 64 64 64 163 31 163 163 64 64 64 64 64 64 64 64 64 64 64 64 64 163 
163 163 64 64 64 64 64 64 64 64 64 64 64 64 163 163 163 163 64 64 64 64 64 64 64 64 64 64 64 64 163 163 
163 163 163 64 64 64 64 64 64 64 64 64 64 64 64 163 163 64 64 64 64 64 64 64 64 64 64 64 64 163 163 163 
20 163 163 163 163 163 163 163 163 163 163 64 64 64 64 64 64 64 64 64 64 163 163 163 163 163 163 163 163 163 163 20 
20 163 163 163 163 163 163 163 163 163 163 163 163 64 64 64 64 64 64 163 163 163 163 163 163 163 163 163 163 163 163 20 
163 163 163 64 64 64 64 64 64 64 64 64 64 64 64 163 163 64 64 64 64 64 64 64 64 64 64 64 64 163 163 163 
163 163 64 64 64 64 64 64 64 64 64 64 64 64 163 31 163 163 64 64 64 64 64 64 64 64 64 64 64 64 163 163 
163 64 64 64 64 64 64 64 64 64 64 64 64 64 163 163 163 163 64 64 64 64 64 64 64 64 64 64 64 64 64 163 
163 64 64 64 64 163 163 163 163 163 163 64 64 64 64 163 163 64 64 64 64 163 163 163 163 163 163 64 64 64 64 163 
163 64 64 64 163 64 64 64 64 64 64 163 64 64 64 64 64 64 64 64 163 64 64 64 64 64 64 163 64 64 64 163 
163 64 64 64 163 64 163 163 163 163 64 163 64 64 64 64 64 64 64 64 163 64 163 163 163 163 64 163 64 64 64 163 
163 64 64 64 163 64 163 64 64 64 64 163 64 64 64 64 64 64 64 64 163 64 64 64 64 163 64 163 64 64 64 163 
163 64 64 64 163 64 163 64 64 64 64 64 64 64 64 64 64 64 64 64 64 64 64 64 64 163 64 163 64 64 64 163 
163 64 64 64 163 64 163 64 64 64 64 64 64 64 64 64 64 64 64 64 64 64 64 64 64 163 64 163 64 64 64 163 
163 64 64 64 163 64 163 163 163 163 163 163 163 163 163 163 163 163 163 163 163 163 163 163 163 163 64 163 64 64 64 163 
163 64 64 64 163 64 64 64 64 64 64 64 64 64 64 64 64 64 64 64 64 64 64 64 64 64 64 163 64 64 64 163 
163 64 64 64 64 163 163 163 163 163 163 163 163 163 163 163 163 163 163 163 163 163 163 163 163 163 163 64 64 64 64 163 
163 163 64 64 64 64 64 64 64 64 64 64 64 64 64 64 64 64 64 64 64 64 64 64 64 64 64 64 64 64 163 163 
20 163 163 64 64 64 64 64 64 64 64 64 64 64 64 64 64 64 64 64 64 64 64 64 64 64 64 64 64 163 163 20 
20 20 64 64 64 64 64 64 64 64 64 64 64 64 64 64 64 64 64 64 64 64 64 64 64 64 64 64 64 64 20 20 
