32 32
22 22 22 22 20 20 20 20 20 22 22 22 22 20 20 20 20 20 20 20 20 20 20 20 20 20 20 20 20 22 22 22 
22 22 22 22 20 20 22 20 22 20 20 22 20 20 22 20 20 20 22 20 22 20 20 20 20 20 20 20 22 22 22 22 
22 80 80 22 22 22 20 22 20 22 20 20 20 22 20 20 20 22 20 22 22 22 20 22 20 20 20 22 22 80 80 22 
22 80 28 80 22 22 22 22 22 22 22 22 22 22 22 22 22 22 22 22 22 22 22 22 22 22 22 22 80 28 80 22 
22 80 31 28 22 22 80 80 28 31 31 31 28 28 28 28 28 28 28 28 28 28 28 28 80 80 22 22 31 28 80 22 
22 80 31 28 22 80 80 28 28 28 28 28 28 28 28 28 28 28 28 28 28 28 28 28 28 80 80 22 31 28 80 22 
22 80 31 28 22 22 80 80 80 80 80 80 80 80 80 80 80 80 80 80 80 80 80 80 80 80 22 22 31 28 80 22 
22 80 31 28 22 22 22 22 22 22 22 22 22 22 22 22 22 22 22 22 22 22 22 22 22 22 22 22 31 28 80 22 
22 80 31 28 22 22 20 22 22 22 22 20 22 22 22 22 20 22 20 22 20 22 20 22 22 20 20 22 31 28 80 22 
22 80 28 28 22 20 22 22 22 22 20 20 22 22 22 22 20 20 22 22 22 22 20 20 20 20 22 22 28 28 80 22 
22 80 28 28 22 22 22 22 22 22 22 22 22 22 22 22 22 22 22 22 22 22 22 22 22 22 22 22 28 28 80 22 
22 80 28 28 22 22 80 80 28 31 31 31 28 28 28 28 28 28 28 28 28 28 28 28 28 80 22 22 28 28 80 22 
22 80 28 28 22 80 80 28 28 28 28 28 28 28 28 28 28 28 28 28 28 28 28 28 28 80 80 22 28 28 80 22 
22 80 28 28 22 22 80 80 80 80 80 80 80 80 80 80 80 80 80 80 80 80 80 80 80 80 22 22 28 28 80 22 
22 80 28 28 22 22 22 22 22 22 22 22 22 22 22 22 22 22 22 22 22 22 22 22 22 22 22 22 28 28 80 22 
22 80 28 28 22 20 22 22 22 22 22 20 22 20 22 20 20 20 22 20 22 22 22 22 22 20 22 22 28 28 80 22 
22 80 28 28 22 22 22 22 22 22 22 20 20 22 20 22 20 20 20 20 22 22 22 22 22 20 20 22 28 28 80 22 
22 80 28 28 22 22 22 22 22 22 22 22 22 22 22 22 22 22 22 22 22 22 22 22 22 22 22 22 28 28 80 22 
22 80 28 28 22 22 80 80 28 31 31 31 28 28 28 28 28 28 28 28 28 28 28 28 28 80 22 22 28 28 80 22 
22 80 28 28 22 80 80 28 28 28 28 28 28 28 28 28 28 28 28 28 28 28 28 28 28 80 80 22 28 28 80 22 
22 80 28 28 22 22 80 80 80 80 80 80 80 80 80 80 80 80 80 80 80 80 80 80 80 80 22 22 28 28 80 22 
22 80 28 28 22 22 22 22 22 22 22 22 22 22 22 22 22 22 22 22 22 22 22 22 22 22 22 22 28 28 80 22 
22 80 28 28 22 20 20 22 20 22 20 22 20 22 20 22 20 22 22 22 22 22 20 20 20 20 20 22 28 28 80 22 
22 80 28 28 22 20 20 20 20 20 20 20 20 20 22 20 20 22 22 22 22 20 20 20 22 20 22 22 28 28 80 22 
22 80 28 28 22 22 22 22 22 22 22 22 22 22 22 22 22 22 22 22 22 22 22 22 22 22 22 22 28 28 80 22 
22 80 28 28 22 22 80 80 28 31 31 31 28 28 28 28 28 28 28 28 28 28 28 28 28 80 22 22 28 28 80 22 
22 80 28 80 22 80 80 28 28 28 28 28 28 28 28 28 28 28 28 28 28 28 28 28 28 80 80 22 80 28 80 22 
22 80 80 80 22 22 80 80 80 80 80 80 80 80 80 80 80 80 80 80 80 80 80 80 80 80 22 22 80 80 80 22 
22 80 80 80 22 22 22 22 22 22 22 22 22 22 22 22 22 22 22 22 22 22 22 22 22 22 22 22 80 80 80 22 
22 22 80 22 22 20 22 22 22 22 20 20 22 20 22 20 20 20 22 20 22 20 20 20 22 20 22 22 22 80 22 22 
22 22 22 22 20 20 22 22 22 20 20 20 20 22 20 20 20 22 20 22 22 22 20 20 20 20 20 22 22 22 22 22 
22 22 22 20 22 20 20 20 20 20 22 22 20 20 20 20 22 20 22 22 22 22 20 20 22 20 20 20 20 22 22 22 
