32 32
22 22 56 56 56 56 56 56 56 56 56 56 56 56 56 56 56 56 56 56 56 56 56 56 56 56 56 56 56 56 22 22 
22 56 56 95 95 95 95 95 95 95 95 95 95 95 95 56 56 95 95 95 95 95 95 95 95 95 95 95 95 56 56 22 
56 56 95 95 96 96 56 56 56 56 56 56 56 56 95 96 56 95 56 56 56 56 56 56 56 56 96 96 95 95 56 56 
56 95 95 95 96 96 56 96 96 96 96 96 96 56 95 96 56 95 56 96 96 96 96 96 96 56 96 96 95 95 95 56 
56 95 95 96 96 96 56 56 95 95 95 95 96 56 95 96 56 95 56 96 95 95 95 95 56 56 96 96 96 95 95 56 
56 95 56 56 56 96 96 56 56 95 95 95 96 56 95 96 56 95 56 96 95 95 95 56 56 96 96 56 56 56 95 56 
56 95 56 96 56 56 96 96 56 56 95 95 96 56 95 96 56 95 56 96 95 95 56 56 96 96 56 56 96 56 95 56 
56 95 56 96 95 56 56 96 96 56 56 95 96 56 95 96 56 95 56 96 95 56 56 96 96 56 56 95 96 56 95 56 
56 95 56 96 95 95 56 56 96 96 56 56 96 56 95 96 56 95 56 96 56 56 96 96 56 56 95 95 96 56 95 56 
56 95 56 96 95 95 95 56 56 96 96 56 56 56 95 96 96 95 56 56 56 96 96 56 56 95 95 95 96 56 95 56 
56 95 56 96 95 95 95 95 56 56 96 96 96 95 96 96 96 96 95 96 96 96 56 56 95 95 95 95 96 56 95 56 
56 95 56 96 96 95 95 95 95 56 56 96 95 96 96 56 56 96 96 95 96 56 56 95 95 95 95 96 96 56 95 56 
56 95 56 56 96 96 96 96 96 96 56 96 95 96 56 95 96 56 96 95 96 56 96 96 96 96 96 96 56 56 95 56 
56 95 95 56 56 56 56 56 56 56 56 95 95 96 56 96 96 56 96 95 95 56 56 56 56 56 56 56 56 95 95 56 
56 56 95 95 95 95 95 95 95 95 95 95 96 96 96 56 56 96 96 96 95 95 95 95 95 95 95 95 95 95 56 56 
22 56 56 56 56 56 56 56 56 56 56 56 56 96 96 96 96 96 96 56 56 56 56 56 56 56 56 56 56 56 56 22 
22 56 56 56 56 56 56 56 56 56 56 56 56 56 96 96 96 96 56 56 56 56 56 56 56 56 56 56 56 56 56 22 
56 56 95 95 95 95 95 95 95 95 95 95 96 96 96 56 56 96 96 96 95 95 95 95 95 95 95 95 95 95 56 56 
56 95 96 56 56 56 56 56 56 56 56 95 95 96 56 95 96 56 96 95 95 56 56 56 56 56 56 56 56 95 95 56 
56 95 56 56 96 96 96 96 96 96 56 96 95 96 56 96 96 56 96 95 96 56 96 96 96 96 96 96 56 56 95 56 
56 95 56 96 96 95 95 95 95 56 56 96 95 96 96 56 56 96 96 95 96 56 56 95 95 95 95 96 96 56 95 56 
56 95 56 96 95 95 95 95 56 56 96 96 96 95 96 96 96 96 95 96 96 96 56 56 95 95 95 95 96 56 95 56 
56 95 56 96 95 95 95 56 56 96 96 56 56 56 95 96 96 95 56 56 56 96 96 56 56 95 95 95 96 56 95 56 
56 95 56 96 95 95 56 56 96 96 56 56 96 56 95 96 56 95 56 96 56 56 96 96 56 56 95 95 96 56 95 56 
56 95 56 96 95 56 56 96 96 56 56 95 96 56 95 96 56 95 56 96 95 56 56 96 96 56 56 95 96 56 95 56 
56 95 56 96 56 56 96 96 56 56 95 95 96 56 95 96 56 95 56 96 95 95 56 56 96 96 56 56 96 56 95 56 
56 95 56 56 56 96 96 56 56 95 95 95 96 56 95 96 56 95 56 96 95 95 95 56 56 96 96 56 56 56 95 56 
56 95 95 96 96 96 56 56 95 95 95 95 96 56 95 96 56 95 56 96 95 95 95 95 56 56 96 96 96 95 95 56 
56 95 95 95 96 96 56 96 96 96 96 96 96 56 95 96 56 95 56 96 96 96 96 96 96 56 96 96 95 95 95 56 
56 56 95 95 96 96 56 56 56 56 56 56 56 56 95 96 56 95 56 56 56 56 56 56 56 56 96 96 95 95 56 56 
22 56 56 95 95 95 95 95 95 95 95 95 95 95 95 56 56 95 95 95 95 95 95 95 95 95 95 95 95 56 56 22 
22 22 56 56 56 56 56 56 56 56 56 56 56 56 56 56 56 56 56 56 56 56 56 56 56 56 56 56 56 56 22 22 
