32 32
22 22 22 22 22 22 22 22 22 22 22 22 22 22 22 22 22 22 22 22 22 22 22 22 22 22 22 22 22 22 22 22 
22 22 20 20 20 20 20 20 20 20 20 20 20 20 20 20 20 20 20 20 20 20 20 20 20 20 20 20 20 20 22 22 
22 20 20 22 22 22 22 22 22 22 22 22 22 22 22 22 22 22 22 22 22 22 22 22 22 22 22 22 22 20 20 22 
22 20 22 22 22 22 22 22 22 22 22 22 22 22 22 22 22 22 22 22 22 22 22 22 22 22 22 22 22 22 20 22 
22 20 22 22 22 20 22 20 22 20 22 20 22 20 22 20 22 22 28 28 28 28 28 28 28 28 28 22 22 22 20 22 
22 20 22 22 20 22 20 22 20 22 20 22 20 22 20 22 22 28 28 28 28 28 28 28 28 28 28 28 22 22 20 22 
22 20 22 22 22 20 22 20 22 20 22 20 22 20 22 20 22 28 28 28 28 28 28 28 28 28 28 22 22 22 20 22 
22 20 22 22 20 22 20 22 20 22 20 22 20 22 20 22 22 22 22 22 22 22 22 22 22 22 22 22 22 22 20 22 
22 20 22 22 22 20 22 20 22 20 22 20 22 22 22 22 22 22 22 22 22 22 22 22 22 22 22 22 22 22 20 22 
22 20 22 22 20 22 20 22 20 22 20 22 22 22 28 28 28 28 28 28 28 28 28 28 28 28 28 22 22 22 20 22 
22 20 22 22 22 20 22 20 22 20 22 20 22 28 28 28 28 28 28 28 28 28 28 28 28 28 28 28 22 22 20 22 
22 20 22 22 20 22 20 22 20 22 20 22 22 28 28 28 28 28 28 28 28 28 28 28 28 28 28 22 22 22 20 22 
22 20 22 22 22 20 22 20 22 20 22 20 22 22 22 22 22 22 22 22 22 22 22 22 22 22 22 22 22 22 20 22 
22 20 22 22 20 22 20 22 20 22 22 22 22 22 22 22 22 22 22 22 22 22 22 22 22 22 22 22 22 22 20 22 
22 20 22 22 22 20 22 20 22 22 22 28 28 28 28 28 28 28 28 28 28 28 28 28 28 28 28 22 22 22 20 22 
22 20 22 22 20 22 20 22 20 22 28 28 28 28 28 28 28 28 28 28 28 28 28 28 28 28 28 28 22 22 20 22 
22 20 22 22 22 20 22 20 22 22 28 28 28 28 28 28 28 28 28 28 28 28 28 28 28 28 28 28 22 22 20 22 
22 20 22 22 20 22 20 22 20 22 22 22 22 22 22 22 22 22 22 22 22 22 22 22 22 22 22 22 22 22 20 22 
22 20 22 22 22 20 22 22 22 22 22 22 22 22 22 22 22 22 22 22 22 22 22 22 22 22 22 22 22 22 20 22 
22 20 22 22 20 22 22 22 28 28 28 28 28 28 28 28 28 28 28 28 28 28 28 28 28 28 28 22 22 22 20 22 
22 20 22 22 22 20 22 28 28 28 28 28 28 28 28 28 28 28 28 28 28 28 28 28 28 28 28 28 22 22 20 22 
22 20 22 22 20 22 22 28 28 28 28 28 28 28 28 28 28 28 28 28 28 28 28 28 28 28 28 28 22 22 20 22 
22 20 22 22 22 20 22 22 22 22 22 22 22 22 22 22 22 22 22 22 22 22 22 22 22 22 22 22 22 22 20 22 
22 20 22 22 22 22 22 22 22 22 22 22 22 22 22 22 22 22 22 22 22 22 22 22 22 22 22 22 22 22 20 22 
22 20 22 22 22 28 28 28 28 28 28 28 28 28 28 28 28 28 28 28 28 28 28 28 28 28 28 22 22 22 20 22 
22 20 22 22 28 28 28 28 28 28 28 28 28 28 28 28 28 28 28 28 28 28 28 28 28 28 28 28 22 22 20 22 
22 20 22 22 28 28 28 28 28 28 28 28 28 28 28 28 28 28 28 28 28 28 28 28 28 28 28 28 22 22 20 22 
22 20 22 22 28 28 28 28 28 28 28 28 28 28 28 28 28 28 28 28 28 28 28 28 28 28 28 22 22 22 20 22 
22 20 22 22 22 22 22 22 22 22 22 22 22 22 22 22 22 22 22 22 22 22 22 22 22 22 22 22 22 22 20 22 
22 20 20 22 22 22 22 22 22 22 22 22 22 22 22 22 22 22 22 22 22 22 22 22 22 22 22 22 22 20 20 22 
22 22 20 20 20 20 20 20 20 20 20 20 20 20 20 20 20 20 20 20 20 20 20 20 20 20 20 20 20 20 22 22 
22 22 22 22 22 22 22 22 22 22 22 22 22 22 22 22 22 22 22 22 22 22 22 22 22 22 22 22 22 22 22 22 
