32 32
20 56 80 80 80 56 20 56 80 80 80 81 81 81 81 81 56 80 81 81 81 81 81 56 80 81 81 80 56 80 56 22 
20 56 80 80 80 80 56 56 56 80 80 81 81 81 81 81 56 80 81 81 81 81 81 56 80 81 81 80 56 80 56 20 
20 56 80 81 81 80 80 80 56 56 80 80 81 81 81 80 56 80 81 81 81 81 80 56 80 81 81 80 56 80 56 22 
22 56 80 81 81 81 80 80 80 56 80 80 80 80 80 80 56 80 80 80 80 80 80 56 80 81 81 80 56 80 56 22 
20 56 80 81 81 81 81 80 80 56 56 56 56 56 56 56 56 56 56 56 80 80 80 56 80 80 80 80 56 80 56 22 
22 56 80 81 81 81 81 81 80 56 80 80 80 80 80 80 80 80 80 56 56 56 80 56 56 56 56 56 56 80 56 20 
20 56 80 81 81 81 81 81 80 56 64 64 80 80 80 81 81 81 80 80 80 56 56 80 80 81 81 80 56 80 56 20 
22 56 80 80 81 81 81 81 80 56 64 31 64 80 81 81 81 81 81 81 80 80 56 80 80 80 81 80 56 80 56 20 
20 22 56 80 80 81 81 81 80 56 64 64 64 80 81 81 80 80 80 81 81 80 56 56 80 80 81 80 56 80 56 22 
20 20 20 56 80 80 81 81 80 56 64 64 64 81 81 80 64 64 64 80 81 80 80 56 80 80 81 80 56 80 56 20 
20 20 20 20 56 80 80 80 80 56 64 64 64 81 81 80 64 64 64 64 80 81 80 56 80 80 81 80 56 80 56 20 
22 20 22 56 80 80 80 80 80 56 64 64 64 81 81 80 64 64 64 64 80 81 80 56 80 80 80 80 56 80 56 20 
20 22 56 80 80 81 81 80 80 56 64 64 64 81 81 80 64 64 64 64 80 81 80 56 56 56 56 56 56 80 56 22 
20 56 80 80 81 81 81 81 80 56 64 64 64 81 81 80 64 64 64 64 80 81 80 56 80 80 80 80 56 80 56 22 
20 56 80 81 81 81 81 81 80 56 64 64 80 81 81 80 64 64 64 64 80 81 80 56 80 80 81 80 56 80 56 22 
20 56 80 81 81 81 81 81 80 56 80 80 81 81 81 80 64 64 64 64 80 81 80 56 80 80 81 80 56 80 56 20 
20 56 80 81 81 81 81 81 80 56 80 80 81 81 81 80 64 64 64 64 80 81 80 56 80 80 81 80 56 80 56 20 
20 56 80 81 81 81 81 81 80 56 64 64 80 81 81 80 64 64 64 64 80 81 80 56 80 80 81 80 56 80 56 20 
22 56 80 80 81 81 81 81 80 56 64 31 64 81 81 80 64 64 64 64 80 81 80 56 80 80 80 80 56 80 56 20 
22 22 56 80 80 81 81 80 80 56 64 64 64 81 81 80 64 64 64 64 80 81 80 56 56 56 56 56 56 80 56 22 
22 20 20 56 80 80 80 80 80 56 64 64 64 81 81 80 64 64 64 64 80 81 80 56 80 80 80 80 56 80 56 22 
20 20 22 20 56 80 80 80 80 56 64 64 64 81 81 80 64 64 64 64 80 81 80 56 80 80 81 80 56 80 56 22 
20 22 20 56 80 80 81 81 80 56 64 64 64 81 81 80 64 64 64 80 81 80 80 56 80 80 81 80 56 80 56 20 
20 20 56 80 80 81 81 81 80 56 64 64 64 80 81 81 80 80 80 81 81 80 56 56 80 80 81 80 56 80 56 20 
20 56 80 80 81 81 81 81 80 56 64 64 64 80 81 81 81 81 81 81 80 80 56 80 80 80 81 80 56 80 56 20 
22 56 80 81 81 81 81 81 80 56 64 64 80 80 80 81 81 81 80 80 80 56 56 80 80 81 81 80 56 80 56 20 
22 56 80 81 81 81 81 81 80 56 80 80 80 80 80 80 80 80 80 56 56 56 80 56 56 56 56 56 56 80 56 20 
20 56 80 81 81 81 81 80 80 56 56 56 56 56 56 56 56 56 56 56 80 80 80 56 80 80 80 80 56 80 56 20 
20 56 80 81 81 81 80 80 80 56 80 80 80 80 80 80 56 80 80 80 80 80 80 56 80 81 81 80 56 80 56 20 
20 56 80 81 81 80 80 80 56 56 80 80 81 81 81 80 56 80 81 81 81 81 80 56 80 81 81 80 56 80 56 20 
20 56 80 80 80 80 56 56 56 80 80 81 81 81 81 81 56 80 81 81 81 81 81 56 80 81 81 80 56 80 56 20 
20 56 80 80 80 56 20 56 80 80 80 81 81 81 81 81 56 80 81 81 81 81 81 56 80 81 81 80 56 80 56 20 
