32 32
137 163 137 137 137 137 137 137 137 163 137 137 137 163 163 64 137 137 137 137 137 137 137 137 163 163 137 137 137 137 137 137 
137 137 163 137 137 163 163 137 137 163 163 137 137 163 163 64 137 163 137 163 137 163 163 163 163 163 137 163 137 163 137 64 
137 163 137 137 163 163 163 64 137 163 163 137 163 163 163 64 137 137 163 137 137 163 163 163 163 163 137 137 163 137 163 64 
137 137 163 137 163 163 163 64 137 163 163 137 163 163 163 64 137 163 137 163 137 137 137 137 137 137 137 163 163 163 163 64 
137 163 137 137 163 163 163 64 137 163 163 137 163 163 163 64 137 163 163 163 137 163 163 163 137 163 163 163 163 163 64 64 
137 137 163 137 137 64 64 137 137 163 163 137 163 163 163 64 137 163 163 163 137 163 163 64 137 64 64 64 64 64 64 137 
163 163 64 137 137 137 137 137 137 163 163 137 163 163 163 64 137 137 163 137 137 163 163 64 137 137 137 137 137 137 137 137 
137 163 64 137 163 163 137 163 163 163 163 137 163 163 163 64 137 137 137 137 137 64 64 64 137 163 163 163 163 163 137 163 
163 163 64 137 163 163 137 163 163 163 163 137 137 64 64 137 137 163 163 64 137 137 137 137 137 137 137 137 137 163 163 137 
137 163 64 137 163 163 137 163 163 163 163 137 137 137 137 137 137 163 163 64 137 137 163 163 163 163 163 64 137 163 163 163 
163 163 64 137 163 163 137 163 163 163 163 137 137 163 163 137 137 64 64 64 137 163 163 163 163 163 163 64 137 163 163 137 
137 163 64 137 163 163 137 163 163 163 163 137 163 137 163 64 137 137 137 137 137 64 64 64 64 64 64 137 137 163 163 163 
163 64 64 137 163 163 137 137 163 163 137 137 137 163 163 64 137 163 137 163 137 137 137 137 137 137 137 137 137 163 163 137 
137 137 137 137 163 64 137 137 137 137 137 137 163 137 163 64 137 137 163 137 137 163 163 163 163 137 163 163 163 163 163 163 
137 64 64 137 163 64 137 137 163 163 64 137 137 163 163 64 137 163 137 163 137 163 163 163 163 137 137 137 137 137 137 163 
137 163 64 137 163 64 137 163 163 163 64 137 163 137 163 64 137 137 163 163 137 163 163 163 163 64 137 137 137 163 137 137 
163 137 64 137 163 64 137 137 64 64 137 137 137 163 163 64 137 163 163 163 137 64 64 64 64 64 137 163 137 163 163 137 
137 163 64 137 163 64 137 137 137 137 137 137 163 137 163 64 137 163 163 163 137 137 137 137 137 137 137 137 137 163 64 137 
137 137 64 137 163 64 137 163 137 137 163 137 137 64 64 137 137 163 163 163 137 163 163 137 137 163 137 163 137 163 64 137 
163 163 64 137 64 64 137 163 137 163 163 163 137 137 137 137 137 137 137 137 137 137 163 163 137 137 163 137 137 163 64 137 
163 163 163 137 137 137 137 163 137 163 163 163 137 64 163 64 163 163 163 163 163 137 163 163 137 163 163 163 137 163 64 137 
163 163 163 163 137 163 137 163 137 163 163 163 137 163 64 163 64 163 64 163 163 137 163 163 137 163 163 64 137 163 64 137 
163 163 163 163 137 137 163 163 137 163 163 64 137 137 137 137 137 137 137 137 137 137 163 163 137 137 64 137 137 64 64 137 
137 163 163 163 137 163 137 163 137 163 163 64 137 137 163 137 137 137 163 163 137 137 163 163 137 137 137 137 137 137 137 137 
137 163 163 163 137 137 163 163 137 163 163 64 137 163 163 163 137 163 163 163 64 137 163 137 137 137 163 163 163 163 163 64 
137 163 163 163 137 163 137 163 137 163 163 64 137 163 163 163 137 163 163 163 64 137 137 137 137 163 163 163 163 64 64 64 
137 137 163 137 137 137 163 163 137 163 163 64 137 163 163 163 137 163 163 163 64 137 163 64 137 137 64 64 64 64 137 137 
137 137 137 137 137 163 163 163 137 163 163 64 137 163 163 64 137 137 64 64 137 137 163 64 137 137 137 137 137 137 137 137 
163 163 64 64 137 163 163 163 137 163 163 64 137 163 163 64 137 137 137 137 137 137 163 64 137 163 163 137 137 163 163 163 
163 163 163 64 137 163 163 163 137 163 163 64 137 163 163 64 137 163 163 163 163 137 163 64 137 163 163 137 163 163 163 163 
64 163 163 64 137 163 163 163 137 137 64 137 137 163 163 64 137 163 163 163 64 137 64 64 137 163 163 137 163 163 64 64 
137 137 137 137 137 163 163 137 137 137 137 137 137 163 163 64 137 163 64 64 64 137 137 137 137 163 137 137 64 64 64 137 
