32 32
20 22 20 22 20 20 20 20 20 22 22 22 22 20 20 20 20 20 20 20 20 20 20 20 20 20 20 20 20 20 20 22 
20 20 20 20 20 20 22 20 22 20 20 22 20 20 22 20 20 20 22 20 22 20 20 20 20 20 20 20 22 22 20 20 
20 22 20 22 20 22 20 22 20 22 20 20 20 22 20 20 20 20 20 20 20 20 20 22 20 20 20 22 22 22 22 22 
22 20 22 20 20 20 22 22 22 20 22 20 22 20 20 20 56 56 56 56 56 56 56 20 20 20 20 22 22 22 22 22 
20 22 20 22 20 22 22 22 22 22 20 20 20 20 56 56 80 80 80 80 80 80 80 56 56 20 20 20 20 20 20 22 
22 20 22 20 20 20 20 22 22 22 22 20 20 56 80 80 80 81 81 81 81 80 80 80 80 56 20 20 22 20 20 20 
20 22 22 20 20 22 20 20 20 20 20 20 56 80 80 81 81 81 81 80 80 80 80 80 80 80 56 20 20 22 20 20 
22 22 20 20 22 20 22 20 22 22 20 20 56 80 81 81 81 81 80 80 163 163 163 80 80 80 56 20 22 20 22 20 
20 22 20 22 20 22 20 22 22 22 20 56 80 80 81 81 81 81 80 163 163 163 163 163 80 80 80 56 20 22 20 22 
20 20 20 20 22 20 22 22 22 22 20 56 80 81 81 81 81 81 80 163 163 163 163 163 80 80 80 56 20 22 22 20 
20 20 20 20 20 20 20 20 20 20 20 56 80 81 81 81 81 81 80 163 163 163 163 163 80 81 80 56 20 22 22 20 
22 20 22 20 20 20 20 20 22 20 20 56 80 81 81 81 81 81 80 80 163 163 163 80 80 81 80 56 20 22 20 20 
20 22 20 22 20 20 20 22 20 22 20 56 80 81 81 81 81 81 81 80 80 80 80 80 81 81 80 56 20 20 20 22 
20 20 22 20 20 20 22 20 22 20 20 56 80 80 81 81 81 81 81 81 81 81 81 81 81 81 80 56 20 20 22 22 
20 22 22 22 20 22 20 22 22 22 20 20 56 80 80 81 81 81 81 81 81 81 81 81 81 80 80 56 20 22 20 22 
20 20 22 22 20 20 22 22 22 22 22 20 56 80 80 81 81 81 81 81 81 81 81 81 81 80 56 20 22 20 20 20 
20 22 22 22 20 22 22 22 22 22 22 20 56 80 80 81 81 81 81 81 81 81 81 81 80 80 56 20 22 22 20 20 
20 20 22 20 20 22 22 22 22 20 20 80 80 80 81 81 81 81 81 81 81 81 80 80 80 56 20 22 22 22 22 20 
22 20 20 22 20 20 22 22 20 80 80 80 80 81 81 80 80 80 80 80 80 80 80 56 56 20 22 22 22 22 20 20 
22 22 20 20 20 20 20 20 20 80 80 80 81 81 80 80 56 56 56 56 56 56 56 20 20 20 22 20 22 20 22 22 
22 20 20 20 20 20 20 20 20 80 80 81 81 80 56 56 20 20 20 20 20 20 20 22 22 20 20 22 20 22 22 22 
20 20 22 20 20 80 80 80 80 80 81 81 80 56 20 20 20 22 22 22 22 22 20 22 20 20 20 20 20 20 20 22 
20 22 20 22 20 80 80 80 80 81 81 80 56 20 20 22 20 22 22 22 22 22 20 20 20 20 20 22 20 22 20 20 
20 20 22 20 20 80 80 80 81 81 80 56 20 20 22 20 20 22 22 22 22 20 20 20 22 20 22 20 22 20 22 20 
20 22 20 20 20 80 80 81 81 80 56 20 20 20 20 20 20 22 20 22 20 22 20 22 20 20 20 22 20 22 20 20 
22 20 80 80 80 80 81 81 80 56 20 20 20 22 22 20 20 20 22 20 22 20 20 20 22 20 20 20 20 20 20 20 
22 20 80 80 80 81 81 80 56 20 20 20 22 22 22 22 20 20 20 20 20 20 20 22 20 22 22 22 20 22 20 20 
20 20 80 80 81 81 80 56 20 22 22 20 22 22 22 20 20 20 22 20 22 20 20 20 22 22 22 22 22 20 22 20 
20 20 80 80 80 80 56 20 22 22 22 20 20 22 20 22 20 22 20 22 20 22 20 22 22 22 22 22 22 22 20 20 
20 20 56 56 56 56 20 22 22 22 20 20 22 20 22 20 20 20 22 20 22 20 20 20 22 20 22 20 22 20 22 20 
20 22 20 20 20 20 22 22 22 20 20 20 20 22 20 20 20 22 20 22 22 22 20 20 20 20 20 22 20 22 20 20 
20 20 22 20 22 20 20 20 20 20 22 22 20 20 20 20 22 20 22 22 22 22 20 20 22 20 20 20 20 20 20 20 
