32 32
20 22 20 22 20 20 20 20 20 22 22 22 22 20 20 20 20 20 20 20 20 20 20 20 20 20 20 20 20 20 20 22 
20 20 20 20 20 20 22 20 22 20 20 22 20 20 22 20 20 20 22 20 22 20 20 20 20 20 20 20 22 22 20 20 
20 22 20 22 20 22 20 22 20 22 20 20 20 22 20 20 20 22 20 22 22 22 20 22 20 20 20 22 22 22 22 22 
22 20 22 20 20 20 22 22 22 20 22 20 22 20 22 20 20 20 22 22 22 22 20 20 22 20 20 22 22 22 22 22 
20 22 20 22 20 22 22 22 22 22 20 20 20 22 20 22 20 20 22 22 22 20 20 22 20 22 20 20 20 20 20 22 
22 20 22 20 20 20 20 22 22 22 22 20 22 20 22 20 20 20 22 20 22 20 22 20 22 20 20 20 22 20 20 20 
20 22 22 20 20 22 20 20 20 20 20 22 20 22 22 22 20 20 20 22 20 20 20 22 22 20 20 22 20 22 20 20 
22 22 20 20 22 20 22 20 22 20 20 20 20 20 20 20 20 20 20 20 20 20 20 22 22 20 22 20 22 20 22 20 
20 22 20 22 20 22 20 22 20 20 163 163 163 163 163 163 163 163 163 163 163 163 20 20 22 20 20 22 22 22 20 22 
20 20 20 20 22 20 22 20 20 163 64 64 64 64 64 64 64 64 64 64 64 64 163 20 20 20 22 22 22 22 22 20 
20 20 20 20 20 20 20 20 163 64 64 64 64 64 64 64 64 64 64 64 64 163 64 163 20 20 22 22 22 22 22 20 
22 20 22 20 20 20 20 163 64 64 64 64 64 64 64 64 64 64 64 64 64 64 64 64 163 20 20 22 22 22 20 20 
20 22 20 22 20 20 163 64 64 64 64 64 163 163 163 163 163 163 163 163 64 64 64 64 64 163 20 20 20 20 20 22 
20 20 22 20 20 163 64 64 64 64 64 163 64 31 31 31 31 64 64 64 163 64 64 64 64 64 163 20 20 20 22 22 
20 22 22 20 163 64 64 64 64 64 163 64 31 31 31 64 64 64 64 64 64 163 64 64 64 64 64 163 20 22 20 22 
20 20 22 20 163 163 163 163 64 163 64 64 31 31 64 64 64 64 64 64 64 64 163 163 163 163 163 163 20 20 20 20 
20 22 22 20 163 163 64 64 64 163 64 64 31 64 64 64 64 64 64 64 64 64 163 163 64 64 163 163 20 22 20 20 
20 20 22 20 163 64 64 64 64 64 163 64 64 64 64 64 64 64 64 64 64 163 64 64 64 64 64 163 20 22 22 20 
22 20 20 20 20 163 64 64 64 64 64 163 64 64 64 64 64 64 64 64 163 64 64 64 64 64 163 20 20 22 20 20 
22 22 20 20 20 20 163 64 64 64 64 64 163 163 163 163 163 163 163 163 64 64 64 64 64 163 20 20 22 20 22 22 
22 20 20 20 20 20 20 163 64 64 64 163 64 64 64 64 64 64 64 64 163 64 64 64 163 20 20 22 20 22 22 22 
20 20 22 20 22 20 20 20 163 163 163 64 64 64 64 64 64 64 64 64 64 163 163 163 20 20 20 20 20 20 20 22 
20 22 20 22 20 20 20 20 20 163 163 64 64 64 64 64 64 64 64 64 64 163 163 20 20 20 20 22 20 22 20 20 
20 20 22 20 22 20 20 20 20 20 163 163 163 163 163 163 163 163 163 163 163 163 20 20 22 20 22 20 22 20 22 20 
20 22 20 22 20 20 20 22 20 20 20 20 20 20 20 20 20 20 20 20 20 20 20 22 20 20 20 22 20 22 20 20 
22 20 22 22 20 20 22 20 22 20 22 20 20 22 22 20 20 20 22 20 22 20 20 20 22 20 20 20 20 20 20 20 
22 22 22 22 20 22 20 22 20 22 20 20 22 22 22 22 20 20 20 20 20 20 20 22 20 22 22 22 20 22 20 20 
20 20 22 22 20 20 22 22 22 22 22 20 22 22 22 20 20 20 22 20 22 20 20 20 22 22 22 22 22 20 22 20 
20 22 20 22 20 22 22 22 22 22 22 20 20 22 20 22 20 22 20 22 20 22 20 22 22 22 22 22 22 22 20 20 
20 22 22 20 20 20 22 22 22 22 20 20 22 20 22 20 20 20 22 20 22 20 20 20 22 20 22 20 22 20 22 20 
20 22 20 22 20 20 22 22 22 20 20 20 20 22 20 20 20 22 20 22 22 22 20 20 20 20 20 22 20 22 20 20 
20 20 22 20 22 20 20 20 20 20 22 22 20 20 20 20 22 20 22 22 22 22 20 20 22 20 20 20 20 20 20 20 
