32 32
20 22 20 22 20 20 20 20 20 22 22 22 22 20 20 20 20 20 20 20 20 20 20 20 20 20 20 20 20 20 20 22 
20 20 20 20 20 20 22 20 22 20 20 22 20 20 22 20 20 20 22 20 22 20 20 20 20 20 20 20 22 22 20 20 
20 22 20 22 20 22 20 22 20 22 20 20 20 22 20 20 20 22 20 22 22 22 20 22 20 20 20 22 22 22 22 22 
22 20 22 20 20 20 22 22 22 20 22 20 22 20 22 20 20 20 22 22 22 22 20 20 22 20 20 22 22 22 22 22 
20 22 20 22 20 22 22 22 22 22 20 20 20 22 20 22 20 20 22 22 22 20 20 22 20 22 20 20 20 20 20 22 
22 20 22 20 20 20 20 22 22 22 22 20 22 20 22 20 20 20 22 20 22 20 22 20 22 20 20 20 22 20 20 20 
20 22 22 20 20 22 20 20 20 20 20 22 20 22 22 22 20 20 20 20 20 20 20 20 20 20 20 22 20 22 20 20 
22 22 20 20 22 20 22 20 22 22 20 20 22 22 22 22 20 20 20 31 31 81 81 81 81 20 20 20 22 20 22 20 
20 22 20 22 20 22 20 22 22 22 22 20 22 22 22 20 20 31 31 31 28 64 64 64 64 81 81 20 20 22 20 22 
20 20 20 20 22 20 22 22 22 22 20 20 22 22 20 20 31 31 28 28 64 64 64 64 64 64 64 81 20 20 22 20 
20 20 20 20 20 20 20 20 20 20 20 22 20 22 20 31 31 28 31 31 31 64 64 64 64 64 64 64 81 20 22 20 
22 20 20 81 81 20 20 20 22 20 20 20 22 20 20 31 28 31 31 31 64 64 64 64 64 64 64 64 81 20 20 20 
20 20 81 28 28 81 20 20 20 20 20 20 20 20 31 31 28 31 31 28 64 64 64 64 64 64 64 64 64 81 20 22 
20 20 31 22 28 81 81 31 31 31 31 31 31 31 31 31 28 31 28 28 64 64 64 64 64 64 64 64 64 81 20 22 
20 20 31 22 22 28 28 28 28 28 28 28 28 28 28 31 28 28 28 28 64 64 64 64 64 64 64 64 64 81 20 22 
20 20 31 22 22 28 28 28 28 28 28 28 28 28 28 28 28 28 28 28 28 64 64 64 64 64 64 64 64 81 20 20 
20 20 31 22 22 28 28 81 28 28 28 28 28 28 28 28 28 28 28 28 28 64 64 64 64 64 64 64 64 81 20 20 
20 20 31 22 22 28 81 81 28 28 28 28 28 28 28 28 28 28 28 28 28 64 64 64 64 64 64 64 64 81 20 20 
22 20 81 22 28 81 81 81 81 81 81 81 81 81 28 28 31 28 28 28 28 64 64 64 64 64 64 31 64 81 20 20 
22 20 81 28 28 81 20 20 20 20 20 20 20 20 81 28 31 28 28 28 28 64 64 64 64 64 64 31 64 81 20 22 
22 20 20 81 81 20 20 22 20 22 22 22 22 20 20 81 28 31 28 28 28 64 64 64 64 64 31 64 81 20 20 22 
20 20 20 20 20 20 22 20 22 20 22 22 22 20 20 81 28 31 31 28 28 64 64 64 64 64 64 64 81 20 20 22 
20 22 20 22 20 20 20 22 20 22 20 22 20 22 20 20 81 28 28 31 31 64 64 64 64 64 64 81 20 20 20 20 
20 20 22 20 22 20 20 20 20 20 20 20 20 20 22 20 20 81 81 28 28 28 64 64 64 81 81 20 20 20 22 20 
20 22 20 22 20 20 20 22 20 22 20 20 20 20 20 20 20 20 20 81 81 81 81 81 81 20 20 20 20 22 20 20 
22 20 22 22 20 20 22 20 22 20 22 20 20 22 22 20 20 20 20 20 20 20 20 20 20 20 20 20 20 20 20 20 
22 22 22 22 20 22 20 22 20 22 20 20 22 22 22 22 20 20 20 20 20 20 20 22 20 22 22 22 20 22 20 20 
20 20 22 22 20 20 22 22 22 22 22 20 22 22 22 20 20 20 22 20 22 20 20 20 22 22 22 22 22 20 22 20 
20 22 20 22 20 22 22 22 22 22 22 20 20 22 20 22 20 22 20 22 20 22 20 22 22 22 22 22 22 22 20 20 
20 22 22 20 20 20 22 22 22 22 20 20 22 20 22 20 20 20 22 20 22 20 20 20 22 20 22 20 22 20 22 20 
20 22 20 22 20 20 22 22 22 20 20 20 20 22 20 20 20 22 20 22 22 22 20 20 20 20 20 22 20 22 20 20 
20 20 22 20 22 20 20 20 20 20 22 22 20 20 20 20 22 20 22 22 22 22 20 20 22 20 20 20 20 20 20 20 
