32 32
20 22 20 22 20 20 20 20 20 22 22 22 22 20 20 20 20 20 20 20 20 20 20 20 20 20 20 20 20 20 20 22 
20 20 20 20 20 20 22 20 22 20 20 22 20 20 22 20 20 20 22 20 22 20 20 20 20 20 20 20 22 22 20 20 
20 22 20 22 20 22 20 22 20 22 20 20 20 22 20 20 20 22 20 22 22 22 20 22 20 20 20 22 22 22 22 22 
22 20 22 20 20 20 22 22 22 20 22 20 22 20 22 20 20 20 22 22 22 22 20 20 22 20 20 22 22 22 22 22 
20 22 20 22 20 22 22 22 22 22 20 20 20 22 20 22 20 20 22 22 22 20 20 22 20 22 20 20 20 20 20 22 
22 20 22 20 20 20 20 22 22 22 22 20 22 20 22 20 20 20 22 20 22 20 22 20 22 20 20 20 22 20 20 20 
20 22 22 20 20 22 20 20 20 20 20 22 20 22 22 22 20 20 20 20 20 20 20 20 20 20 20 22 20 22 20 20 
22 22 20 20 22 20 22 20 22 22 20 20 22 22 22 22 20 20 20 31 31 81 81 81 81 20 20 20 22 20 22 20 
20 22 20 22 20 22 20 22 22 22 22 20 22 22 22 20 20 31 31 31 28 56 56 80 80 81 81 20 20 22 20 22 
20 20 20 20 22 20 22 22 22 22 20 20 22 22 20 20 31 31 28 28 56 56 56 56 80 80 80 81 20 20 22 20 
20 20 20 20 20 20 20 20 20 20 20 22 20 22 20 31 31 28 31 31 31 80 80 56 80 80 80 80 81 20 22 20 
22 20 20 81 81 20 20 20 22 20 20 20 22 20 20 31 28 31 31 31 56 80 80 56 80 80 80 80 81 20 20 20 
20 20 81 28 28 81 20 20 20 20 20 20 20 20 31 31 28 31 31 28 56 56 56 56 80 80 80 80 80 81 20 22 
20 20 31 22 28 81 81 31 31 31 31 31 31 31 31 31 28 31 28 28 56 56 56 56 80 80 80 80 80 81 20 22 
20 20 31 22 22 28 28 28 28 28 28 28 28 28 28 31 28 28 28 28 56 56 56 56 80 80 80 80 80 81 20 22 
20 20 31 22 22 28 28 28 28 28 28 28 28 28 28 28 28 28 28 28 28 56 56 80 80 80 80 80 80 81 20 20 
20 20 31 22 22 28 28 81 28 28 28 28 28 28 28 28 28 28 28 28 28 56 56 80 80 80 80 80 80 81 20 20 
20 20 31 22 22 28 81 81 28 28 28 28 28 28 28 28 28 28 28 28 28 56 56 80 80 80 80 80 80 81 20 20 
22 20 81 22 28 81 81 81 81 81 81 81 81 81 28 28 31 28 28 28 28 56 56 80 80 80 80 31 80 81 20 20 
22 20 81 28 28 81 20 20 20 20 20 20 20 20 81 28 31 28 28 28 28 56 80 80 80 80 80 31 80 81 20 22 
22 20 20 81 81 20 20 22 20 22 22 22 22 20 20 81 28 31 28 28 28 56 80 80 80 80 31 80 81 20 20 22 
20 20 20 20 20 20 22 20 22 20 22 22 22 20 20 81 28 31 31 28 28 80 80 80 80 80 80 80 81 20 20 22 
20 22 20 22 20 20 20 22 20 22 20 22 20 22 20 20 81 28 28 31 31 80 80 80 80 80 80 81 20 20 20 20 
20 20 22 20 22 20 20 20 20 20 20 20 20 20 22 20 20 81 81 28 28 28 80 80 80 81 81 20 20 20 22 20 
20 22 20 22 20 20 20 22 20 22 20 20 20 20 20 20 20 20 20 81 81 81 81 81 81 20 20 20 20 22 20 20 
22 20 22 22 20 20 22 20 22 20 22 20 20 22 22 20 20 20 20 20 20 20 20 20 20 20 20 20 20 20 20 20 
22 22 22 22 20 22 20 22 20 22 20 20 22 22 22 22 20 20 20 20 20 20 20 22 20 22 22 22 20 22 20 20 
20 20 22 22 20 20 22 22 22 22 22 20 22 22 22 20 20 20 22 20 22 20 20 20 22 22 22 22 22 20 22 20 
20 22 20 22 20 22 22 22 22 22 22 20 20 22 20 22 20 22 20 22 20 22 20 22 22 22 22 22 22 22 20 20 
20 22 22 20 20 20 22 22 22 22 20 20 22 20 22 20 20 20 22 20 22 20 20 20 22 20 22 20 22 20 22 20 
20 22 20 22 20 20 22 22 22 20 20 20 20 22 20 20 20 22 20 22 22 22 20 20 20 20 20 22 20 22 20 20 
20 20 22 20 22 20 20 20 20 20 22 22 20 20 20 20 22 20 22 22 22 22 20 20 22 20 20 20 20 20 20 20 
