32 32
20 22 20 22 20 20 20 20 20 22 22 22 22 20 20 20 20 20 20 20 20 20 20 20 20 20 20 20 20 20 20 22 
20 20 20 20 20 20 22 20 22 20 20 22 20 20 20 31 28 20 20 20 22 20 20 20 20 20 20 20 22 22 20 20 
20 22 20 22 20 22 20 22 20 22 20 20 20 20 31 31 28 28 20 22 22 22 20 22 20 20 20 22 22 22 22 22 
22 20 22 20 20 20 22 22 22 20 22 20 22 20 20 31 28 20 20 22 22 22 20 20 22 20 20 22 22 22 22 22 
20 22 20 22 20 22 22 22 22 22 20 20 20 20 31 31 28 28 20 22 22 20 20 22 20 22 20 20 20 20 20 22 
22 20 22 20 20 20 20 22 22 22 22 20 22 20 20 31 28 20 20 20 22 20 22 20 22 20 20 20 22 20 20 20 
20 22 22 20 20 22 20 20 20 20 20 20 20 20 31 31 28 28 20 22 20 20 20 20 20 20 20 22 20 22 20 20 
22 22 20 20 22 20 20 28 28 28 28 20 22 20 20 31 28 20 20 20 20 28 28 28 28 20 22 20 22 20 22 20 
20 22 20 22 20 22 20 28 20 20 28 20 20 20 20 28 28 20 20 20 20 28 20 20 28 20 20 22 22 22 20 22 
20 20 20 20 22 20 20 28 20 28 28 28 20 20 28 31 31 28 20 20 28 28 28 20 28 20 22 22 22 22 22 20 
20 20 20 20 20 20 20 28 28 28 20 28 20 28 31 20 20 31 28 20 28 20 28 28 28 20 22 22 22 22 22 20 
22 20 22 20 20 20 20 20 20 28 28 28 28 31 20 20 20 20 31 28 28 28 28 20 20 20 20 22 22 22 20 20 
20 22 20 22 20 20 20 22 20 20 20 28 31 20 20 28 28 20 20 31 28 20 20 20 20 22 20 20 20 20 20 22 
20 20 20 20 20 20 20 20 20 20 28 31 20 20 28 31 31 28 20 20 31 28 20 20 20 20 20 20 20 20 20 22 
20 20 31 20 31 20 31 20 20 28 31 20 20 28 31 20 20 31 28 20 20 31 28 20 20 31 20 31 20 31 20 20 
20 31 31 31 31 31 31 31 28 31 20 20 28 31 20 20 20 20 31 28 20 20 31 28 31 31 31 31 31 31 31 20 
20 28 28 28 28 28 28 28 28 31 20 20 28 31 20 20 20 20 31 28 20 20 31 28 28 28 28 28 28 28 28 20 
20 20 28 20 28 20 28 20 20 28 31 20 20 28 31 20 20 31 28 20 20 31 28 20 20 28 20 28 20 28 20 20 
22 20 20 20 20 20 20 20 20 20 28 31 20 20 28 31 31 28 20 20 31 28 20 20 20 20 20 20 20 20 20 20 
22 22 20 20 20 20 20 20 20 20 20 28 31 20 20 28 28 20 20 31 28 20 20 20 22 20 22 20 22 20 22 22 
22 20 20 20 20 20 20 20 20 28 28 28 28 31 20 20 20 20 31 28 28 28 28 20 20 20 20 22 20 22 22 22 
20 20 22 20 22 20 20 28 28 28 20 28 20 28 31 20 20 31 28 20 28 20 28 28 28 20 20 20 20 20 20 22 
20 22 20 22 20 20 20 28 20 28 28 28 20 20 28 31 31 28 20 20 28 28 28 20 28 20 20 22 20 22 20 20 
20 20 22 20 22 20 20 28 20 20 28 20 20 20 20 28 28 20 20 20 20 28 20 20 28 20 22 20 22 20 22 20 
20 22 20 22 20 20 20 28 28 28 28 20 20 20 20 31 28 20 20 22 20 28 28 28 28 20 20 22 20 22 20 20 
22 20 22 22 20 20 20 20 20 20 20 20 20 20 31 31 28 28 20 20 20 20 20 20 20 20 20 20 20 20 20 20 
22 22 22 22 20 22 20 22 20 22 20 20 22 20 20 31 28 20 20 20 20 20 20 22 20 22 22 22 20 22 20 20 
20 20 22 22 20 20 22 22 22 22 22 20 22 20 31 31 28 28 20 20 22 20 20 20 22 22 22 22 22 20 22 20 
20 22 20 22 20 22 22 22 22 22 22 20 20 20 20 31 28 20 20 22 20 22 20 22 22 22 22 22 22 22 20 20 
20 22 22 20 20 20 22 22 22 22 20 20 22 20 31 31 28 28 20 20 22 20 20 20 22 20 22 20 22 20 22 20 
20 22 20 22 20 20 22 22 22 20 20 20 20 20 20 31 28 20 20 22 22 22 20 20 20 20 20 22 20 22 20 20 
20 20 22 20 22 20 20 20 20 20 22 22 20 20 20 20 20 20 22 22 22 22 20 20 22 20 20 20 20 20 20 20 
