32 32
64 64 64 64 64 64 64 64 64 64 64 64 64 64 64 64 64 64 64 64 64 64 64 64 64 64 64 64 64 64 64 64 
64 64 64 64 64 64 64 64 64 64 64 64 64 64 64 64 64 31 64 64 64 64 64 64 64 64 64 64 64 31 31 64 
64 64 64 64 64 64 64 64 31 64 64 64 64 64 64 64 31 31 64 64 64 64 64 64 64 64 64 64 64 31 64 64 
64 64 64 64 64 64 31 31 31 64 64 64 64 64 64 64 31 64 64 64 64 64 64 64 64 64 64 64 64 31 31 64 
64 64 64 64 64 31 31 31 64 64 64 64 64 64 64 64 31 31 64 64 64 64 64 64 64 64 64 64 64 64 64 64 
64 64 64 64 64 31 31 64 64 64 64 64 64 64 64 64 64 31 64 64 64 64 64 64 64 64 64 64 64 64 64 64 
64 64 64 64 64 31 31 64 64 64 64 64 64 64 64 64 64 64 64 64 64 64 64 64 64 64 64 64 64 64 64 64 
64 64 64 64 64 31 31 64 64 64 64 64 64 64 64 64 64 64 64 64 64 64 64 64 64 64 64 64 64 64 64 64 
64 64 64 64 64 64 31 31 64 64 64 64 64 64 64 64 64 64 64 64 64 64 64 64 64 64 64 64 64 64 64 64 
64 64 64 64 64 64 64 31 31 64 64 64 64 64 64 64 64 64 64 64 64 64 64 64 31 31 64 64 64 64 64 64 
64 64 64 64 64 64 64 64 31 64 64 64 64 64 64 64 64 64 64 64 64 64 64 31 31 31 64 64 64 64 64 64 
64 64 64 64 64 64 64 64 31 64 64 64 64 64 64 64 64 64 64 64 64 64 64 31 31 64 64 64 64 64 64 64 
64 64 64 64 64 64 64 64 64 64 64 64 64 64 64 64 64 64 64 64 64 64 64 31 31 64 64 64 64 64 64 64 
64 64 64 64 64 64 64 64 64 64 64 64 64 64 64 64 64 64 64 64 64 64 64 31 31 31 64 64 64 64 64 64 
64 64 64 64 64 64 64 64 64 64 64 64 64 64 64 64 64 64 64 64 64 64 64 64 31 31 64 64 64 64 64 64 
64 64 64 64 64 64 64 64 64 64 64 64 64 64 64 64 64 64 64 64 64 64 64 64 64 64 64 64 64 64 64 64 
64 64 64 31 31 64 64 64 64 64 64 64 64 64 64 64 31 64 64 64 64 64 64 64 64 64 64 64 64 64 64 64 
64 64 64 31 64 64 64 64 64 64 64 64 64 64 64 31 31 64 64 64 64 64 64 64 64 64 64 64 64 64 64 64 
64 64 64 31 31 64 64 64 64 64 64 64 64 64 31 31 64 64 64 64 64 64 64 64 64 64 64 64 64 64 64 64 
64 64 64 64 64 64 64 64 64 64 64 64 64 64 31 31 64 64 64 64 64 64 64 64 64 64 64 64 64 64 64 64 
64 64 64 64 64 64 64 64 64 64 64 64 64 64 31 31 64 64 64 64 64 64 64 64 64 64 64 64 64 64 64 64 
64 64 64 64 64 64 64 64 64 64 64 64 64 64 31 31 64 64 64 64 64 64 64 64 64 64 64 64 64 64 64 64 
64 64 64 64 64 64 64 64 64 64 64 64 64 64 64 31 31 64 64 64 64 64 64 64 64 64 64 64 64 64 64 64 
64 64 64 64 64 64 64 64 64 64 31 64 64 64 64 64 31 64 64 64 64 64 64 64 64 64 64 64 64 64 64 64 
64 64 64 64 64 64 64 64 64 31 31 64 64 64 64 64 64 64 64 64 64 64 64 64 64 64 64 31 31 64 64 64 
64 64 64 64 64 64 64 64 64 31 64 64 64 64 64 64 64 64 64 64 64 64 64 64 64 64 31 31 64 64 64 64 
64 64 64 64 64 64 64 64 64 31 31 64 64 64 64 64 64 64 64 64 64 64 64 64 64 64 31 64 64 64 64 64 
64 64 64 64 64 64 64 64 64 64 31 64 64 64 64 64 64 64 64 64 64 64 64 64 64 64 31 64 64 64 64 64 
64 64 31 64 64 64 64 64 64 64 64 64 64 64 64 64 64 64 64 64 64 64 64 64 64 64 31 31 64 64 64 64 
64 31 64 31 64 64 64 64 64 64 64 64 64 64 64 64 64 64 64 64 64 64 64 64 64 64 64 31 31 31 64 64 
64 64 31 64 64 64 64 64 64 64 64 64 64 64 64 64 64 64 64 64 64 64 64 64 64 64 64 64 64 64 64 64 
64 64 64 64 64 64 64 64 64 64 64 64 64 64 64 64 64 64 64 64 64 64 64 64 64 64 64 64 64 64 64 64 
