32 32
20 22 20 22 20 20 20 20 20 22 22 22 22 20 20 20 20 20 20 20 20 20 20 20 20 20 20 20 20 20 20 22 
20 20 20 20 20 20 22 20 22 20 20 22 20 20 22 20 20 20 22 20 20 20 20 20 20 20 20 20 22 22 20 20 
20 22 20 22 20 22 20 22 20 22 20 20 20 22 20 20 20 22 20 20 20 137 137 137 137 137 20 20 20 22 22 22 
22 20 22 20 20 20 22 22 22 20 22 20 22 20 22 20 20 20 20 137 137 137 64 64 64 64 137 137 20 22 22 22 
20 22 20 22 20 22 22 22 22 22 20 20 20 20 20 20 137 137 137 64 64 64 22 22 22 22 64 137 20 20 20 22 
22 20 22 20 20 20 20 22 22 22 22 20 20 20 137 137 64 64 64 64 64 22 22 31 28 22 22 64 137 20 20 20 
20 22 22 20 20 22 20 20 20 20 20 20 137 137 64 64 89 89 89 64 64 22 31 31 28 28 22 64 137 20 20 20 
22 22 20 20 22 20 22 20 20 20 137 137 64 64 89 89 64 64 64 64 64 22 28 28 28 28 22 64 137 20 22 20 
20 22 20 22 20 20 20 20 137 137 64 64 89 89 64 64 137 137 137 137 64 22 22 28 28 22 22 64 137 20 20 22 
20 20 20 20 20 20 137 137 64 64 89 89 64 64 137 137 137 137 137 137 64 64 22 22 22 22 64 64 137 20 22 20 
20 20 20 20 137 137 64 64 89 89 64 64 137 137 137 163 137 137 137 137 137 64 64 64 64 64 64 137 20 20 22 20 
22 20 20 137 64 64 89 89 64 64 137 137 137 137 163 163 137 137 137 137 137 137 64 64 64 64 137 137 20 22 20 20 
20 22 20 137 64 89 89 64 137 137 137 163 163 137 163 163 137 137 137 20 137 137 137 137 137 137 20 20 20 20 20 22 
20 20 20 137 64 89 64 137 137 64 137 163 64 137 163 163 137 137 137 20 20 20 20 20 20 20 20 20 22 20 22 22 
20 22 20 137 64 89 64 137 64 65 137 163 64 137 163 163 137 137 137 20 20 22 20 22 20 20 20 22 20 22 20 22 
20 20 20 137 64 89 64 137 64 65 137 163 64 137 163 163 137 137 137 20 22 22 22 22 22 20 22 20 22 20 20 20 
20 22 20 137 64 89 64 137 64 65 137 163 64 137 163 163 137 137 137 20 22 22 22 22 22 20 20 22 22 22 20 20 
20 20 20 137 64 89 64 137 64 65 137 163 64 137 163 163 137 137 137 20 20 22 22 22 20 20 22 22 22 22 22 20 
22 20 20 137 64 89 64 137 64 65 137 163 64 137 163 163 137 137 137 20 20 20 20 20 20 20 22 22 22 22 20 20 
22 22 20 137 64 89 64 137 64 65 137 163 64 137 163 163 137 137 20 20 22 20 20 22 22 20 22 20 22 20 22 22 
22 20 20 137 64 89 64 137 64 65 137 163 64 137 163 163 137 20 20 22 22 22 20 22 22 20 20 22 20 22 22 22 
20 20 20 137 64 89 64 137 64 65 137 163 64 137 163 137 137 20 22 22 22 22 20 22 20 20 20 20 20 20 20 22 
20 22 20 137 64 89 64 137 64 65 137 163 64 137 137 137 20 20 22 22 22 22 20 20 20 20 20 22 20 22 20 20 
20 20 20 137 64 89 64 137 64 65 137 163 163 137 20 20 20 22 22 22 22 20 20 20 22 20 22 20 22 20 22 20 
20 22 20 137 64 89 64 137 64 65 137 137 137 20 20 20 20 22 20 22 20 22 20 22 20 20 20 22 20 22 20 20 
22 20 20 137 64 89 64 137 64 64 137 20 20 20 22 20 20 20 22 20 22 20 20 20 22 20 20 20 20 20 20 20 
22 22 20 137 64 89 64 137 137 137 20 20 22 22 22 22 20 20 20 20 20 20 20 22 20 22 22 22 20 22 20 20 
20 20 20 137 64 89 64 137 20 20 20 20 22 22 22 20 20 20 22 20 22 20 20 20 22 22 22 22 22 20 22 20 
20 22 20 137 64 64 64 137 20 22 22 20 20 22 20 22 20 22 20 22 20 22 20 22 22 22 22 22 22 22 20 20 
20 22 20 20 137 137 137 20 20 22 20 20 22 20 22 20 20 20 22 20 22 20 20 20 22 20 22 20 22 20 22 20 
20 22 20 20 20 20 20 20 22 20 20 20 20 22 20 20 20 22 20 22 22 22 20 20 20 20 20 22 20 22 20 20 
20 20 22 20 22 20 20 20 20 20 22 22 20 20 20 20 22 20 22 22 22 22 20 20 22 20 20 20 20 20 20 20 
