32 32
20 22 20 22 20 20 20 20 20 22 22 22 22 20 20 20 20 20 20 20 20 20 20 20 20 20 20 20 20 20 20 22 
20 20 20 20 20 20 22 20 22 20 20 22 20 20 22 20 20 20 22 20 22 20 20 20 20 20 20 20 22 22 20 20 
20 22 20 22 20 22 20 22 20 22 20 20 20 20 20 20 20 20 20 20 20 22 20 22 20 20 20 22 22 22 22 22 
22 20 22 20 20 20 22 22 22 20 20 20 20 163 163 163 163 163 163 163 20 20 20 20 22 20 20 22 22 22 22 22 
20 22 20 22 20 22 22 22 20 20 20 163 163 65 65 65 65 65 65 65 163 163 20 20 20 22 20 20 20 20 20 22 
22 20 22 20 20 20 20 20 20 163 163 65 65 64 64 64 64 64 64 64 65 65 163 163 20 20 20 20 22 20 20 20 
20 22 22 20 20 22 20 20 163 65 65 64 64 65 65 65 65 65 65 65 64 64 65 65 163 20 20 22 20 22 20 20 
22 22 20 20 22 20 20 163 65 64 64 65 65 89 89 89 89 89 89 89 65 65 64 64 65 163 20 20 22 20 22 20 
20 22 20 22 20 20 163 65 64 65 65 89 65 65 65 89 89 89 89 89 89 89 65 65 64 65 163 20 22 22 20 22 
20 20 20 20 20 20 163 65 64 65 89 65 64 64 64 65 89 89 89 89 89 89 89 65 64 65 163 20 20 22 22 20 
20 20 20 20 20 163 65 64 65 89 65 64 89 89 89 64 65 89 89 64 64 89 89 89 65 64 65 163 20 22 22 20 
22 20 22 20 20 163 65 64 65 65 64 89 89 89 89 89 64 65 64 65 65 64 89 89 65 64 65 163 20 20 20 20 
20 22 20 20 163 65 64 65 89 65 64 89 64 64 64 89 64 65 64 65 65 65 64 89 89 65 64 65 163 20 20 22 
20 20 22 20 163 65 64 65 89 65 64 89 64 89 64 89 64 65 64 65 89 89 65 64 89 65 64 65 163 20 22 22 
20 22 22 20 163 65 64 65 89 89 65 64 64 89 64 64 65 89 64 65 89 89 65 64 89 65 64 65 163 20 20 22 
20 20 22 20 163 65 64 65 89 89 65 65 64 64 64 65 65 89 64 65 89 89 65 64 89 65 64 65 163 20 20 20 
20 22 22 20 163 65 64 65 89 89 65 65 64 64 64 65 65 89 64 65 89 89 65 64 89 65 64 65 163 20 20 20 
20 20 22 20 163 65 64 65 89 89 65 64 64 89 64 64 65 89 64 65 89 89 65 64 89 65 64 65 163 20 22 20 
22 20 20 20 163 65 64 65 89 65 64 89 64 89 64 89 64 65 64 65 89 89 65 64 89 65 64 65 163 20 20 20 
22 22 20 20 163 65 64 65 89 65 64 89 64 64 64 89 64 65 64 65 65 65 64 89 89 65 64 65 163 20 22 22 
22 20 20 20 20 163 65 64 65 65 64 89 89 89 89 89 64 65 64 65 65 64 89 89 65 64 65 163 20 20 22 22 
20 20 22 20 20 163 65 64 65 89 65 64 89 89 89 64 65 89 89 64 64 89 89 89 65 64 65 163 20 20 20 22 
20 22 20 22 20 20 163 65 64 65 89 65 64 64 64 65 89 89 89 89 89 89 89 65 64 65 163 20 20 22 20 20 
20 20 22 20 22 20 163 65 64 65 65 89 65 65 65 89 89 89 89 89 89 89 65 65 64 65 163 20 22 20 22 20 
20 22 20 22 20 20 20 163 65 64 64 65 65 89 89 89 89 89 89 89 65 65 64 64 65 163 20 20 20 22 20 20 
22 20 22 22 20 20 20 20 163 65 65 64 64 65 65 65 65 65 65 65 64 64 65 65 163 20 20 20 20 20 20 20 
22 22 22 22 20 22 20 20 20 163 163 65 65 64 64 64 64 64 64 64 65 65 163 163 20 20 22 22 20 22 20 20 
20 20 22 22 20 20 22 22 20 20 20 163 163 65 65 65 65 65 65 65 163 163 20 20 20 22 22 22 22 20 22 20 
20 22 20 22 20 22 22 22 22 22 20 20 20 163 163 163 163 163 163 163 20 20 20 22 22 22 22 22 22 22 20 20 
20 22 22 20 20 20 22 22 22 22 20 20 20 20 20 20 20 20 20 20 20 20 20 20 22 20 22 20 22 20 22 20 
20 22 20 22 20 20 22 22 22 20 20 20 20 22 20 20 20 22 20 22 22 22 20 20 20 20 20 22 20 22 20 20 
20 20 22 20 22 20 20 20 20 20 22 22 20 20 20 20 22 20 22 22 22 22 20 20 22 20 20 20 20 20 20 20 
