32 32
20 22 20 22 20 20 20 20 20 22 22 22 22 20 20 20 20 20 20 20 20 20 20 20 20 20 20 20 20 20 20 22 
20 20 20 20 20 20 22 20 22 20 20 22 20 20 22 20 20 20 22 20 22 20 20 20 20 20 20 20 22 22 20 20 
20 22 20 22 20 22 20 22 20 20 20 20 20 20 20 20 20 22 20 22 22 22 20 22 20 20 20 22 22 22 22 22 
22 20 22 20 20 20 22 22 20 20 64 64 20 20 64 64 20 20 22 22 22 22 20 20 22 20 20 22 22 22 22 22 
20 22 20 22 20 22 22 20 20 64 65 65 64 64 65 65 64 20 20 22 22 20 20 22 20 22 20 20 20 20 20 22 
22 20 22 20 20 20 20 20 64 65 65 89 65 65 89 65 65 64 20 20 22 20 22 20 22 20 20 20 22 20 20 20 
20 22 22 20 20 22 20 20 64 65 89 89 89 89 89 89 65 64 20 22 20 20 20 22 22 20 20 22 20 22 20 20 
22 22 20 20 22 20 22 20 20 64 65 65 89 89 65 65 64 20 20 20 22 20 20 22 22 20 22 20 22 20 22 20 
20 22 20 22 20 22 20 22 20 20 64 65 65 65 65 64 20 20 20 22 20 22 20 22 22 20 20 22 22 22 20 22 
20 20 20 20 22 20 22 22 22 20 64 65 64 64 65 64 20 20 22 22 22 22 20 20 20 20 22 22 22 22 22 20 
20 20 20 20 20 20 20 20 20 20 64 65 64 64 65 64 20 22 22 22 22 22 20 20 20 20 20 20 20 20 22 20 
22 20 20 64 64 20 20 20 22 20 64 65 64 64 65 64 20 20 22 22 22 20 20 20 22 20 20 64 64 20 20 20 
20 20 64 65 65 64 20 20 20 20 64 65 64 64 65 64 20 20 20 20 20 20 20 20 20 20 64 65 65 64 20 20 
20 64 65 65 89 65 64 64 64 64 64 65 64 64 65 64 64 64 64 64 64 64 64 64 64 64 65 89 65 65 64 20 
20 64 65 89 89 65 65 65 65 65 65 64 64 64 64 65 65 65 65 65 65 65 65 65 65 65 65 89 89 65 64 20 
20 20 64 65 89 89 65 64 64 64 64 64 31 64 64 64 64 64 64 64 64 64 64 64 64 65 89 89 65 64 20 20 
20 22 64 65 89 89 65 64 64 64 64 64 64 64 64 64 64 64 64 64 64 64 64 64 64 65 89 89 65 64 20 20 
20 64 65 89 89 65 65 65 65 65 65 64 64 64 64 65 65 65 65 65 65 65 65 65 65 65 65 89 89 65 64 20 
20 64 65 65 89 65 64 64 64 64 64 65 64 64 65 64 64 64 64 64 64 64 64 64 64 64 65 89 65 65 64 20 
20 20 64 65 65 64 20 20 20 20 64 65 64 64 65 64 20 20 20 20 20 20 20 20 20 20 64 65 65 64 20 20 
22 20 20 64 64 20 20 22 20 20 64 65 64 64 65 64 20 22 22 22 22 22 20 22 22 20 20 64 64 20 20 22 
20 20 20 20 20 20 22 20 22 20 64 65 64 64 65 64 20 22 22 22 22 22 20 22 20 20 20 20 20 20 20 22 
20 22 20 22 20 20 20 22 20 20 64 65 64 64 65 64 20 22 22 22 22 22 20 20 20 20 20 22 20 22 20 20 
20 20 22 20 22 20 20 20 20 20 64 65 65 65 65 64 20 20 22 22 22 20 20 20 22 20 22 20 22 20 22 20 
20 22 20 22 20 20 20 20 20 64 65 65 89 89 65 65 64 20 20 22 20 22 20 22 20 20 20 22 20 22 20 20 
22 20 22 22 20 20 22 20 64 65 89 89 89 89 89 89 65 64 20 20 22 20 20 20 22 20 20 20 20 20 20 20 
22 22 22 22 20 22 20 20 64 65 65 89 65 65 89 65 65 64 20 20 20 20 20 22 20 22 22 22 20 22 20 20 
20 20 22 22 20 20 22 20 20 64 65 65 64 64 65 65 64 20 20 20 22 20 20 20 22 22 22 22 22 20 22 20 
20 22 20 22 20 22 22 22 20 20 64 64 20 20 64 64 20 20 20 22 20 22 20 22 22 22 22 22 22 22 20 20 
20 22 22 20 20 20 22 22 22 20 20 20 20 20 20 20 20 20 22 20 22 20 20 20 22 20 22 20 22 20 22 20 
20 22 20 22 20 20 22 22 22 20 20 20 20 22 20 20 20 22 20 22 22 22 20 20 20 20 20 22 20 22 20 20 
20 20 22 20 22 20 20 20 20 20 22 22 20 20 20 20 22 20 22 22 22 22 20 20 22 20 20 20 20 20 20 20 
