32 32
20 22 20 22 20 20 20 20 20 22 22 22 22 20 20 20 20 20 20 20 20 20 20 20 20 20 20 20 20 20 20 20 
20 20 20 20 20 20 22 20 22 20 20 22 20 20 22 20 20 20 22 20 22 20 20 20 20 20 20 20 56 56 56 20 
20 22 20 22 20 22 20 22 20 22 20 20 20 22 20 20 20 22 20 22 22 22 20 22 20 20 20 56 28 28 56 20 
22 20 22 20 20 20 22 22 22 20 22 20 22 20 22 20 20 20 22 22 22 22 20 20 20 20 56 28 28 28 56 20 
20 22 20 22 20 22 22 22 22 22 20 20 20 22 20 20 20 20 20 20 22 20 20 20 20 56 28 31 28 56 20 20 
22 20 22 20 20 20 20 22 22 22 22 20 22 20 20 20 56 56 56 20 20 20 20 20 56 28 31 28 56 20 20 20 
20 22 22 20 20 22 20 20 20 20 20 22 20 22 20 56 56 28 28 56 20 20 20 56 28 31 28 56 20 20 20 20 
22 22 20 20 22 20 22 20 22 22 20 20 22 22 20 56 56 56 28 28 56 20 56 28 31 28 56 20 20 20 22 20 
20 22 20 22 20 22 20 22 22 22 22 20 22 22 20 56 20 20 56 31 28 56 56 28 28 56 20 20 22 22 20 22 
20 20 20 20 22 20 22 22 22 22 20 20 22 22 20 20 20 20 20 56 31 28 56 56 56 20 20 22 22 22 22 20 
20 20 20 20 20 20 20 20 20 20 20 22 20 22 20 20 20 20 20 80 56 31 28 56 20 20 22 22 22 22 22 20 
22 20 22 20 20 20 20 20 22 20 20 20 22 20 22 20 20 20 81 81 80 56 31 28 56 20 20 22 22 22 20 20 
20 22 20 22 20 20 20 22 20 22 20 22 20 20 20 20 20 31 31 81 80 80 56 31 28 56 20 20 20 20 20 22 
20 20 22 20 20 20 22 20 22 20 22 20 20 20 20 20 31 31 81 81 80 20 20 56 28 28 56 20 22 20 22 22 
20 22 22 22 20 22 20 22 22 22 20 20 20 20 20 31 31 81 81 80 20 20 20 20 56 28 56 20 20 22 20 22 
20 20 22 22 20 20 22 22 22 22 22 20 20 20 31 31 81 81 80 20 20 22 20 20 56 56 56 20 22 20 20 20 
20 22 22 22 20 22 22 22 22 22 22 20 20 31 31 81 81 80 20 20 22 22 20 56 56 56 20 20 22 22 20 20 
20 20 22 20 20 22 22 22 22 22 20 20 31 31 81 81 80 20 20 20 20 22 20 20 20 20 20 22 22 22 22 20 
22 20 20 22 20 20 22 22 22 20 20 31 31 81 81 80 20 20 20 22 20 20 20 20 20 20 22 22 22 22 20 20 
22 22 20 20 20 20 20 20 20 20 31 31 81 81 80 20 20 20 22 20 22 20 20 22 22 20 22 20 22 20 22 22 
22 20 20 20 20 20 20 20 20 31 31 81 81 80 20 20 20 22 22 22 22 22 20 22 22 20 20 22 20 22 22 22 
20 20 22 20 22 20 20 20 31 31 81 81 80 20 20 20 20 22 22 22 22 22 20 22 20 20 20 20 20 20 20 22 
20 22 20 22 20 20 20 31 31 81 81 80 20 20 20 22 20 22 22 22 22 22 20 20 20 20 20 22 20 22 20 20 
20 20 22 20 20 20 31 31 81 81 80 20 20 20 22 20 20 22 22 22 22 20 20 20 22 20 22 20 22 20 22 20 
20 22 20 20 20 31 31 81 81 80 20 20 20 20 20 20 20 22 20 22 20 22 20 22 20 20 20 22 20 22 20 20 
22 20 20 20 31 31 81 81 80 20 20 20 20 22 22 20 20 20 22 20 22 20 20 20 22 20 20 20 20 20 20 20 
22 20 20 31 31 81 81 80 20 20 20 20 22 22 22 22 20 20 20 20 20 20 20 22 20 22 22 22 20 22 20 20 
20 20 31 31 81 81 80 20 20 22 22 20 22 22 22 20 20 20 22 20 22 20 20 20 22 22 22 22 22 20 22 20 
20 81 31 81 81 80 20 20 22 22 22 20 20 22 20 22 20 22 20 22 20 22 20 22 22 22 22 22 22 22 20 20 
20 81 81 81 80 20 20 22 22 22 20 20 22 20 22 20 20 20 22 20 22 20 20 20 22 20 22 20 22 20 22 20 
20 80 80 80 20 20 22 22 22 20 20 20 20 22 20 20 20 22 20 22 22 22 20 20 20 20 20 22 20 22 20 20 
20 20 20 20 20 20 20 20 20 20 22 22 20 20 20 20 22 20 22 22 22 22 20 20 22 20 20 20 20 20 20 20 
