32 32
20 22 20 22 20 20 20 20 20 22 22 22 22 20 20 20 20 20 20 20 20 20 20 20 20 20 20 20 20 20 20 20 
20 20 20 20 20 20 22 20 22 20 20 22 20 20 22 20 20 20 22 20 22 20 20 20 20 20 20 20 163 163 163 20 
20 22 20 22 20 22 20 22 20 22 20 20 20 22 20 20 20 22 20 22 22 22 20 22 20 20 20 163 64 64 163 20 
22 20 22 20 20 20 22 22 22 20 22 20 22 20 22 20 20 20 22 22 22 22 20 20 20 20 163 65 65 64 163 20 
20 22 20 22 20 22 22 22 22 22 20 20 20 22 20 20 20 20 20 20 22 20 20 20 20 163 65 65 64 163 20 20 
22 20 22 20 20 20 20 22 22 22 22 20 22 20 20 163 163 163 163 20 22 20 20 20 163 65 65 64 163 20 20 20 
20 22 22 20 20 22 20 20 20 20 20 22 20 20 163 163 65 65 163 20 20 20 20 163 65 65 64 163 20 20 20 20 
22 22 20 20 22 20 22 20 22 22 20 20 22 20 163 64 65 65 163 20 20 20 163 65 65 64 163 20 20 20 22 20 
20 22 20 22 20 22 20 22 22 22 22 20 22 20 20 163 64 65 163 163 20 163 64 65 64 163 20 20 22 22 20 22 
20 20 20 20 22 20 22 22 22 22 20 20 22 22 20 20 163 64 64 163 163 163 163 64 163 20 20 22 22 22 22 20 
20 20 20 20 20 20 20 20 20 20 20 22 20 22 20 20 20 163 64 163 64 64 163 163 20 20 22 22 22 22 22 20 
22 20 22 20 20 20 20 20 22 20 20 20 22 20 22 20 20 28 163 163 64 64 163 20 20 20 20 22 22 22 20 20 
20 22 20 22 20 20 20 22 20 22 20 22 20 20 20 20 28 28 28 163 163 163 163 163 20 20 20 20 20 20 20 22 
20 20 22 20 20 20 22 20 22 20 22 20 20 20 20 28 28 28 28 80 163 64 64 163 163 163 163 20 22 20 22 22 
20 22 22 22 20 22 20 22 22 22 20 20 20 20 31 31 31 28 28 80 80 163 64 65 65 65 163 20 20 22 20 22 
20 20 22 22 20 20 22 22 22 22 22 20 20 31 31 31 28 28 80 80 20 20 163 64 65 65 163 20 22 20 20 20 
20 22 22 22 20 22 22 22 22 22 20 20 31 31 31 28 28 80 80 20 20 20 20 163 64 163 163 20 22 22 20 20 
20 20 22 20 20 22 22 22 22 20 20 31 31 31 28 28 80 80 20 20 20 22 20 20 163 163 20 20 22 22 22 20 
22 20 20 22 20 20 22 22 20 20 31 31 31 28 28 80 80 20 20 22 20 20 20 20 20 20 20 22 22 22 20 20 
22 22 20 20 20 20 20 20 20 31 31 31 28 28 80 80 20 20 22 20 22 20 20 22 22 20 22 20 22 20 22 22 
22 20 20 20 20 20 20 20 31 31 31 28 28 80 80 20 20 22 22 22 22 22 20 22 22 20 20 22 20 22 22 22 
20 20 22 20 22 20 20 31 31 31 28 28 80 80 20 20 20 22 22 22 22 22 20 22 20 20 20 20 20 20 20 22 
20 22 20 22 20 20 31 31 31 28 28 80 80 20 20 22 20 22 22 22 22 22 20 20 20 20 20 22 20 22 20 20 
20 20 22 20 20 31 31 31 28 28 80 80 20 20 22 20 20 22 22 22 22 20 20 20 22 20 22 20 22 20 22 20 
20 22 20 20 31 31 31 28 28 80 80 20 20 20 20 20 20 22 20 22 20 22 20 22 20 20 20 22 20 22 20 20 
22 20 20 31 31 31 28 28 80 80 20 20 20 22 22 20 20 20 22 20 22 20 20 20 22 20 20 20 20 20 20 20 
22 20 28 31 31 28 28 80 80 20 20 20 22 22 22 22 20 20 20 20 20 20 20 22 20 22 22 22 20 22 20 20 
20 20 28 28 28 28 80 80 20 20 22 20 22 22 22 20 20 20 22 20 22 20 20 20 22 22 22 22 22 20 22 20 
20 20 28 28 28 80 80 20 20 22 22 20 20 22 20 22 20 22 20 22 20 22 20 22 22 22 22 22 22 22 20 20 
20 20 80 80 80 80 20 20 22 22 20 20 22 20 22 20 20 20 22 20 22 20 20 20 22 20 22 20 22 20 22 20 
20 20 20 20 20 20 20 22 22 20 20 20 20 22 20 20 20 22 20 22 22 22 20 20 20 20 20 22 20 22 20 20 
20 20 22 20 22 20 20 20 20 20 22 22 20 20 20 20 22 20 22 22 22 22 20 20 22 20 20 20 20 20 20 20 
