32 32
20 22 20 22 20 20 20 20 20 22 22 22 22 20 20 20 20 20 20 20 20 20 20 20 20 20 20 20 20 20 20 20 
20 20 20 20 20 20 22 20 22 20 20 22 20 20 22 20 20 20 22 20 22 20 20 20 20 20 20 20 96 96 96 20 
20 22 20 22 20 22 20 22 20 22 20 20 20 22 20 20 20 22 20 22 22 22 20 22 20 20 20 96 95 95 96 20 
22 20 22 20 20 20 22 22 22 20 22 20 22 20 20 20 20 20 22 22 22 22 20 20 20 20 96 95 95 96 96 20 
20 22 20 22 20 22 22 22 22 22 20 20 20 20 20 96 96 20 22 22 22 20 20 20 20 96 95 95 96 96 20 20 
22 20 22 20 20 20 20 22 22 22 22 20 22 20 96 96 96 20 20 20 22 20 20 20 96 95 95 96 96 20 20 20 
20 22 22 20 20 22 20 20 20 20 20 22 20 20 96 95 96 96 20 20 20 20 20 96 95 95 96 96 20 20 20 20 
22 22 20 20 22 20 22 20 22 22 20 20 22 20 96 95 95 96 96 20 20 20 96 96 95 96 96 20 20 20 22 20 
20 22 20 22 20 22 20 22 22 22 22 20 22 20 20 56 95 95 96 96 80 80 80 96 96 96 20 20 22 22 20 22 
20 20 20 20 22 20 22 22 22 22 20 20 22 22 20 20 56 80 95 80 64 64 80 80 96 20 20 22 22 22 22 20 
20 20 20 20 20 20 20 20 20 20 20 22 20 22 20 20 20 56 80 64 31 64 64 80 20 20 22 22 22 22 22 20 
22 20 22 20 20 20 20 20 22 20 20 20 22 20 22 20 20 96 56 64 64 64 64 80 20 20 20 22 22 22 20 20 
20 22 20 22 20 20 20 22 20 22 20 22 20 20 20 20 96 96 96 56 64 64 80 96 20 20 20 20 20 20 20 22 
20 20 22 20 20 20 22 20 22 20 22 20 20 20 20 95 95 95 96 96 56 80 95 96 96 20 20 20 22 20 22 22 
20 22 22 22 20 22 20 22 22 22 20 20 20 20 31 31 95 95 95 96 96 56 80 95 96 96 20 20 20 22 20 22 
20 20 22 22 20 20 22 22 22 22 22 20 20 31 31 31 95 95 96 96 20 20 56 95 95 96 96 96 20 20 20 20 
20 22 22 22 20 22 22 22 22 22 20 20 31 31 31 95 95 96 96 20 20 20 20 56 95 95 96 96 20 22 20 20 
20 20 22 20 20 22 22 22 22 20 20 31 31 31 95 95 96 96 20 20 20 22 20 20 96 96 96 20 20 22 22 20 
22 20 20 22 20 20 22 22 20 20 31 31 31 95 95 96 96 20 20 22 20 20 20 20 20 20 20 20 22 22 20 20 
22 22 20 20 20 20 20 20 20 31 31 31 95 95 96 96 20 20 22 20 22 20 20 22 22 20 22 20 22 20 22 22 
22 20 20 20 20 20 20 20 31 31 31 95 95 96 96 20 20 22 22 22 22 22 20 22 22 20 20 22 20 22 22 22 
20 20 22 20 22 20 20 31 31 31 95 95 96 96 20 20 20 22 22 22 22 22 20 22 20 20 20 20 20 20 20 22 
20 22 20 22 20 20 31 31 31 95 95 96 96 20 20 22 20 22 22 22 22 22 20 20 20 20 20 22 20 22 20 20 
20 20 22 20 20 31 31 31 95 95 96 96 20 20 22 20 20 22 22 22 22 20 20 20 22 20 22 20 22 20 22 20 
20 22 20 20 31 31 31 95 95 96 96 20 20 20 20 20 20 22 20 22 20 22 20 22 20 20 20 22 20 22 20 20 
22 20 20 31 31 31 95 95 96 96 20 20 20 22 22 20 20 20 22 20 22 20 20 20 22 20 20 20 20 20 20 20 
22 20 95 31 31 95 95 96 96 20 20 20 22 22 22 22 20 20 20 20 20 20 20 22 20 22 22 22 20 22 20 20 
20 20 95 95 95 95 96 96 20 20 22 20 22 22 22 20 20 20 22 20 22 20 20 20 22 22 22 22 22 20 22 20 
20 20 95 95 95 96 96 20 20 22 22 20 20 22 20 22 20 22 20 22 20 22 20 22 22 22 22 22 22 22 20 20 
20 20 96 96 96 96 20 20 22 22 20 20 22 20 22 20 20 20 22 20 22 20 20 20 22 20 22 20 22 20 22 20 
20 20 20 20 20 20 20 22 22 20 20 20 20 22 20 20 20 22 20 22 22 22 20 20 20 20 20 22 20 22 20 20 
20 20 22 20 22 20 20 20 20 20 22 22 20 20 20 20 22 20 22 22 22 22 20 20 22 20 20 20 20 20 20 20 
