32 32
20 22 20 22 20 20 20 20 20 22 22 22 22 20 20 20 20 20 20 20 20 20 20 20 20 20 20 80 80 80 56 20 
20 20 20 20 20 20 22 20 22 20 20 22 20 20 22 20 20 20 22 20 22 20 20 20 20 20 80 80 64 64 56 56 
20 22 20 22 20 22 20 22 20 22 20 20 20 22 20 20 20 22 20 22 22 22 20 22 20 20 80 64 31 64 64 56 
22 20 22 20 20 20 22 22 22 20 22 20 20 20 20 20 20 20 20 20 20 20 20 20 20 20 80 64 64 64 64 56 
20 22 20 22 20 22 22 22 22 22 20 20 20 56 56 56 56 56 56 56 56 20 20 20 20 56 56 56 64 64 56 56 
22 20 22 20 20 20 20 22 22 22 22 20 56 56 81 81 80 80 56 56 20 20 20 20 56 81 80 56 56 56 56 20 
20 22 22 20 20 22 20 20 20 20 20 20 56 56 81 80 80 56 56 20 20 20 20 56 81 81 80 56 20 20 20 20 
22 22 20 20 22 20 22 20 22 22 20 20 56 56 56 56 56 80 56 20 20 20 56 81 81 80 56 20 20 20 22 20 
20 22 20 22 20 22 20 22 22 22 22 20 20 20 20 56 56 80 80 56 20 56 81 81 80 56 20 20 22 22 20 22 
20 20 20 20 22 20 22 22 22 22 20 20 22 22 20 20 56 56 80 80 56 56 80 80 56 20 20 22 22 22 22 20 
20 20 20 20 20 20 20 20 20 20 20 22 20 22 20 20 20 56 56 80 80 56 56 56 20 20 20 20 20 22 22 20 
22 20 22 20 20 20 20 20 22 20 20 20 22 20 22 20 20 81 56 56 80 80 56 20 20 20 20 56 20 22 20 20 
20 22 20 22 20 20 20 22 20 22 20 22 20 20 20 20 81 81 81 56 56 80 80 56 20 20 56 56 20 20 20 22 
20 20 22 20 20 20 22 20 22 20 22 20 20 20 20 31 31 31 81 80 56 56 80 80 56 56 56 56 20 20 22 22 
20 22 22 22 20 22 20 22 22 22 20 20 20 20 31 31 31 81 81 80 80 56 56 80 80 56 80 56 20 22 20 22 
20 20 22 22 20 20 22 22 22 22 22 20 20 31 31 31 81 81 80 80 20 20 56 56 56 80 80 56 20 20 20 20 
20 22 22 22 20 22 22 22 22 22 20 20 31 31 31 81 81 80 80 20 20 20 20 56 56 80 81 56 20 22 20 20 
20 20 22 20 20 22 22 22 22 20 20 31 31 31 81 81 80 80 20 20 20 22 20 20 56 81 81 56 20 22 22 20 
22 20 20 22 20 20 22 22 20 20 31 31 31 81 81 80 80 20 20 22 20 20 20 20 56 56 56 56 20 22 20 20 
22 22 20 20 20 20 20 20 20 31 31 31 81 81 80 80 20 20 22 20 22 20 20 20 56 56 56 20 20 20 22 22 
22 20 20 20 20 20 20 20 31 31 31 81 81 80 80 20 20 22 22 22 22 22 20 20 20 20 20 20 20 22 22 22 
20 20 22 20 22 20 20 31 31 31 81 81 80 80 20 20 20 22 22 22 22 22 20 22 20 20 20 20 20 20 20 22 
20 22 20 22 20 20 31 31 31 81 81 80 80 20 20 22 20 22 22 22 22 22 20 20 20 20 20 22 20 22 20 20 
20 20 22 20 20 31 31 31 81 81 80 80 20 20 22 20 20 22 22 22 22 20 20 20 22 20 22 20 22 20 22 20 
20 22 20 20 31 31 31 81 81 80 80 20 20 20 20 20 20 22 20 22 20 22 20 22 20 20 20 22 20 22 20 20 
22 20 20 31 31 31 81 81 80 80 20 20 20 22 22 20 20 20 22 20 22 20 20 20 22 20 20 20 20 20 20 20 
20 20 31 31 31 81 81 80 80 20 20 20 22 22 22 22 20 20 20 20 20 20 20 22 20 22 22 22 20 22 20 20 
20 31 31 31 81 81 80 80 20 20 22 20 22 22 22 20 20 20 22 20 22 20 20 20 22 22 22 22 22 20 22 20 
81 31 31 81 81 80 80 20 20 22 22 20 20 22 20 22 20 22 20 22 20 22 20 22 22 22 22 22 22 22 20 20 
81 81 81 81 80 80 20 20 22 22 20 20 22 20 22 20 20 20 22 20 22 20 20 20 22 20 22 20 22 20 22 20 
81 81 81 80 80 20 20 22 22 20 20 20 20 22 20 20 20 22 20 22 22 22 20 20 20 20 20 22 20 22 20 20 
80 80 80 80 20 20 20 20 20 20 22 22 20 20 20 20 22 20 22 22 22 22 20 20 22 20 20 20 20 20 20 20 
