32 32
20 22 20 22 20 20 20 20 20 22 22 22 22 20 20 20 20 20 20 20 20 20 20 20 20 20 20 20 20 20 20 22 
20 20 20 20 20 20 22 20 22 20 20 22 20 20 22 20 20 20 22 20 22 20 20 20 20 20 20 20 22 22 20 20 
20 22 20 22 20 22 20 20 20 20 20 20 20 20 20 20 20 22 20 22 22 22 20 22 20 20 20 22 22 22 22 22 
22 20 22 20 20 20 20 56 56 56 56 56 56 56 56 20 20 20 20 22 22 22 20 20 22 20 20 22 22 22 22 22 
20 22 20 20 20 56 56 56 81 81 81 81 81 81 56 56 56 56 20 20 20 20 20 22 20 22 20 20 20 20 20 22 
22 20 20 20 56 56 81 81 56 56 56 56 56 56 81 81 81 56 56 56 20 20 20 20 22 20 20 20 22 20 20 20 
20 22 20 56 56 81 56 56 81 81 81 81 81 81 56 56 56 81 81 56 56 56 20 20 20 20 20 22 20 22 20 20 
22 20 20 56 81 56 81 81 81 31 31 81 56 56 81 81 81 56 56 81 81 56 56 56 20 20 22 20 22 20 22 20 
20 20 56 56 81 56 81 31 31 31 81 56 95 95 56 81 81 81 81 56 56 81 81 56 56 20 20 22 22 22 20 22 
20 20 56 81 56 81 31 31 31 81 56 95 95 95 95 56 81 31 31 81 81 56 56 81 56 56 20 20 22 22 22 20 
20 20 56 81 56 81 31 31 31 81 56 95 95 95 95 56 81 31 31 31 31 81 81 56 81 56 56 20 20 22 22 20 
20 56 56 81 81 31 31 31 31 81 81 56 56 56 56 81 81 31 31 31 31 31 31 81 56 81 56 56 20 20 20 20 
20 56 81 81 81 31 31 31 81 81 81 81 81 81 81 81 81 81 31 31 31 31 31 31 81 56 81 56 56 20 20 22 
20 56 81 81 81 81 56 56 81 81 81 64 64 64 64 81 81 81 56 56 56 31 31 31 31 81 81 81 56 20 20 22 
20 56 81 81 81 56 95 95 56 81 64 31 31 64 64 64 81 56 95 95 95 56 56 31 31 81 81 81 56 56 20 22 
20 56 81 81 56 95 95 95 56 81 64 31 64 64 64 64 81 56 95 95 95 95 95 56 81 81 81 81 81 56 20 20 
20 56 81 81 56 95 95 95 56 81 64 64 64 64 64 64 81 56 95 95 95 95 95 56 81 81 81 81 81 56 20 20 
20 56 81 81 81 56 95 95 56 81 64 64 64 64 64 64 81 56 95 95 95 56 56 81 81 81 81 81 56 56 20 20 
20 56 81 81 81 81 56 56 81 81 81 64 64 64 64 81 81 81 56 56 56 81 81 81 81 81 81 81 56 20 20 20 
20 56 81 81 81 81 81 81 81 81 81 81 81 81 81 81 81 81 81 81 81 81 81 81 81 56 81 56 56 20 22 22 
20 56 56 81 81 81 31 31 31 81 81 56 56 56 56 81 81 81 31 31 31 31 31 81 56 81 56 56 20 20 22 22 
20 20 56 81 56 81 31 31 31 81 56 95 95 95 95 56 81 31 31 31 31 81 81 56 81 56 56 20 20 20 20 22 
20 20 56 81 56 81 81 31 31 81 56 95 95 95 95 56 81 31 31 81 81 56 56 81 56 56 20 20 20 22 20 20 
20 20 56 56 81 56 81 81 81 81 81 56 95 95 56 81 81 81 81 56 56 81 81 56 56 20 20 20 22 20 22 20 
20 20 20 56 81 56 81 81 81 81 81 81 56 56 81 81 81 56 56 81 81 56 56 56 20 20 20 22 20 22 20 20 
22 20 20 56 56 81 56 56 81 81 81 81 81 81 56 56 56 81 81 56 56 56 20 20 20 20 20 20 20 20 20 20 
22 22 20 20 56 56 81 81 56 56 56 56 56 56 81 81 81 56 56 56 20 20 20 22 20 22 22 22 20 22 20 20 
20 20 22 20 20 56 56 56 81 81 81 81 81 81 56 56 56 56 20 20 20 20 20 20 22 22 22 22 22 20 22 20 
20 22 20 22 20 20 20 56 56 56 56 56 56 56 56 20 20 20 20 22 20 22 20 22 22 22 22 22 22 22 20 20 
20 22 22 20 20 20 20 20 20 20 20 20 20 20 20 20 20 20 22 20 22 20 20 20 22 20 22 20 22 20 22 20 
20 22 20 22 20 20 22 22 22 20 20 20 20 22 20 20 20 22 20 22 22 22 20 20 20 20 20 22 20 22 20 20 
20 20 22 20 22 20 20 20 20 20 22 22 20 20 20 20 22 20 22 22 22 22 20 20 22 20 20 20 20 20 20 20 
