32 32
20 22 20 22 20 20 20 20 20 22 22 22 22 20 20 20 20 20 20 20 20 20 20 20 20 20 20 20 20 20 20 22 
20 20 20 20 20 20 22 20 22 20 20 22 20 20 20 20 20 20 20 20 20 20 20 20 20 20 20 20 22 22 20 20 
20 22 20 22 20 22 20 22 20 22 20 20 20 20 163 163 163 163 163 163 163 20 20 22 20 20 20 22 22 22 22 22 
22 20 22 20 20 20 22 22 22 20 22 20 20 163 64 64 64 64 64 64 64 163 20 20 22 20 20 22 22 22 22 22 
20 22 20 22 20 22 22 22 22 22 20 20 163 64 64 64 64 64 64 64 64 64 163 20 20 20 20 20 20 20 20 22 
22 20 22 20 20 20 20 22 22 22 22 20 163 64 64 64 64 64 64 64 64 64 163 20 20 20 163 163 163 163 20 20 
20 22 22 20 20 22 20 20 20 20 20 20 163 64 64 64 64 64 64 64 64 64 163 20 20 163 163 163 163 163 163 20 
22 22 20 20 20 20 20 163 163 163 163 163 163 64 64 64 64 64 64 64 64 64 163 20 163 163 64 64 64 163 163 20 
20 22 20 20 20 163 163 163 163 64 65 65 163 64 64 64 64 64 64 64 64 64 163 163 163 64 64 64 64 64 163 20 
20 20 20 20 163 163 64 163 64 65 89 89 163 64 64 64 64 64 64 64 64 64 163 163 64 64 64 64 64 64 163 20 
20 20 20 163 64 163 64 163 65 89 89 89 163 64 64 64 64 64 64 64 64 64 163 64 64 64 64 64 64 64 163 20 
22 20 20 163 64 163 64 163 137 89 89 137 163 163 163 163 163 163 163 163 163 163 163 64 64 64 64 64 64 64 163 20 
20 20 163 64 64 163 163 163 137 65 163 163 163 163 137 137 137 137 137 137 137 137 163 64 64 64 64 64 64 64 163 20 
20 20 163 64 64 163 163 163 137 163 64 64 163 163 163 163 163 163 163 163 163 163 163 64 64 64 64 64 64 64 163 20 
20 20 163 64 64 163 64 163 65 64 65 65 64 163 137 65 64 163 64 137 64 137 64 137 64 64 64 64 64 64 163 20 
20 20 163 64 64 163 64 163 65 89 89 89 64 163 137 89 65 163 163 163 163 163 163 163 137 64 64 64 64 64 163 20 
20 20 163 64 64 163 64 163 65 89 89 89 64 163 137 89 65 163 163 163 163 163 163 163 137 64 64 64 64 64 163 20 
20 20 163 64 64 163 64 163 65 64 65 65 64 163 137 65 64 163 64 137 64 137 64 137 64 64 64 64 64 64 163 20 
22 20 163 64 64 163 163 163 137 163 64 64 163 163 163 163 163 163 163 163 163 163 163 64 64 64 64 64 64 64 163 20 
22 20 163 64 64 163 163 163 137 65 163 163 163 163 137 137 137 137 137 137 137 137 163 64 64 64 64 64 64 64 163 20 
22 20 20 163 64 163 64 163 137 89 89 137 163 163 163 163 163 163 163 163 163 163 163 64 64 64 64 64 64 64 163 20 
20 20 20 163 64 163 64 163 65 65 89 89 163 64 64 64 64 64 64 64 64 64 163 64 64 64 64 64 64 64 163 20 
20 22 20 163 163 163 64 163 64 65 65 65 163 64 64 64 64 64 64 64 64 64 163 163 64 64 64 64 64 64 163 20 
20 20 20 20 20 163 163 163 163 64 65 65 163 64 64 64 64 64 64 64 64 64 163 163 163 64 64 64 64 64 163 20 
20 22 20 22 20 20 20 163 163 163 163 163 163 64 64 64 64 64 64 64 64 64 163 20 163 163 163 64 64 163 163 20 
22 20 22 22 20 20 20 20 20 20 20 20 163 64 64 64 64 64 64 64 64 64 163 20 20 163 163 163 163 163 163 20 
22 22 22 22 20 22 20 22 20 22 20 20 163 64 64 64 64 64 64 64 64 64 163 20 20 20 163 163 163 163 20 20 
20 20 22 22 20 20 22 22 22 22 22 20 163 64 64 64 64 64 64 64 64 64 163 20 22 20 20 20 20 20 20 20 
20 22 20 22 20 22 22 22 22 22 22 20 20 163 163 64 64 64 64 64 64 163 20 20 22 22 22 22 22 22 20 20 
20 22 22 20 20 20 22 22 22 22 20 20 20 20 163 163 163 163 163 163 163 20 20 20 22 20 22 20 22 20 22 20 
20 22 20 22 20 20 22 22 22 20 20 20 20 20 20 20 20 20 20 20 20 20 20 20 20 20 20 22 20 22 20 20 
20 20 22 20 22 20 20 20 20 20 22 22 20 20 20 20 22 20 22 22 22 22 20 20 22 20 20 20 20 20 20 20 
