32 32
20 22 20 22 20 20 20 20 20 22 22 22 22 20 20 20 20 20 20 20 20 20 20 20 20 20 20 20 20 20 20 22 
20 20 20 20 20 20 22 20 22 20 20 20 20 20 64 64 64 64 56 56 56 56 20 20 20 20 20 20 22 22 20 20 
20 22 20 22 20 22 20 22 20 22 20 20 56 64 64 89 89 64 22 22 22 56 56 20 20 20 20 22 22 22 22 22 
22 20 22 20 20 20 22 22 22 20 20 56 56 64 65 65 65 64 22 22 22 56 56 20 22 20 20 22 22 22 22 22 
20 22 20 22 20 22 22 22 22 20 20 56 56 56 56 56 56 56 56 56 56 56 56 20 20 22 20 20 20 20 20 22 
22 20 22 20 20 20 20 22 22 20 56 56 80 80 80 80 80 80 80 80 56 56 20 20 20 20 20 20 20 20 20 20 
20 22 22 20 20 22 20 20 20 20 56 56 80 80 81 81 81 81 80 80 56 20 20 20 20 56 56 56 56 20 20 20 
22 22 20 20 22 20 22 20 22 20 56 80 80 80 81 81 81 81 81 80 56 20 20 20 56 56 80 80 56 56 20 20 
20 22 20 22 20 20 20 20 20 20 56 80 80 80 81 81 81 81 81 80 56 20 20 56 56 80 80 80 80 56 56 20 
20 20 20 20 20 20 163 163 28 28 28 56 56 80 80 80 81 81 81 80 56 56 56 56 80 80 80 80 80 80 56 20 
20 20 20 20 163 163 64 64 64 31 28 28 28 56 56 80 80 81 81 80 56 80 80 80 80 81 81 81 80 80 56 20 
22 20 20 163 64 31 89 65 65 31 31 31 28 28 28 56 80 80 80 80 80 80 80 80 81 81 81 81 81 80 56 20 
20 20 20 163 64 31 31 137 65 65 31 31 31 31 28 28 56 80 80 80 80 80 80 81 81 81 81 81 81 80 56 20 
20 20 163 64 65 31 31 137 89 65 31 65 31 31 31 28 28 56 80 80 80 80 81 81 81 81 81 81 81 80 56 20 
20 20 163 64 65 28 31 137 89 65 31 89 65 31 31 31 28 28 56 80 80 80 81 81 81 81 81 81 81 80 56 20 
20 20 163 65 65 65 89 89 89 65 31 89 65 31 31 31 31 28 56 80 80 80 81 81 81 81 81 81 81 80 56 20 
20 20 163 65 65 65 89 89 89 65 31 89 65 31 31 31 31 28 56 80 80 80 81 81 81 81 81 81 81 80 56 20 
20 20 163 64 65 28 31 137 89 65 31 89 65 31 31 31 28 28 56 80 80 80 81 81 81 81 81 81 81 80 56 20 
22 20 163 64 65 31 31 137 65 65 31 65 31 31 31 28 28 56 80 80 80 80 81 81 81 81 81 81 80 80 56 20 
22 20 20 163 64 31 31 137 65 65 31 31 31 31 28 28 56 80 80 80 80 80 80 81 81 81 81 81 80 80 56 20 
22 20 20 163 64 31 65 65 65 31 31 31 28 28 28 56 80 80 81 80 80 80 80 80 81 81 81 80 80 80 56 20 
20 20 20 20 163 163 64 64 64 31 28 28 28 56 56 80 80 81 81 80 56 80 80 80 80 80 80 80 80 80 56 20 
20 22 20 20 20 20 163 163 28 28 28 56 56 80 80 80 81 81 81 80 56 56 56 56 80 80 80 80 80 80 56 20 
20 20 22 20 22 20 20 20 20 20 56 80 80 80 81 81 81 81 81 80 56 20 20 56 56 80 80 80 80 56 56 20 
20 22 20 22 20 20 20 22 20 20 56 80 80 80 81 81 81 81 81 80 56 20 20 20 56 56 80 80 56 56 20 20 
22 20 22 22 20 20 22 20 22 20 56 56 80 80 80 80 80 80 80 80 56 20 20 20 20 56 56 56 56 20 20 20 
22 22 22 22 20 22 20 22 20 20 56 56 80 80 80 80 80 80 80 80 56 56 20 20 20 20 20 20 20 20 20 20 
20 20 22 22 20 20 22 22 22 20 20 56 56 56 56 56 56 56 56 56 56 56 56 20 22 22 22 22 22 20 22 20 
20 22 20 22 20 22 22 22 22 22 20 56 56 64 65 65 65 64 22 22 22 56 56 20 22 22 22 22 22 22 20 20 
20 22 22 20 20 20 22 22 22 22 20 20 56 64 64 89 89 64 22 22 22 56 56 20 22 20 22 20 22 20 22 20 
20 22 20 22 20 20 22 22 22 20 20 20 20 20 64 64 64 64 56 56 56 56 20 20 20 20 20 22 20 22 20 20 
20 20 22 20 22 20 20 20 20 20 22 22 20 20 20 20 20 20 20 20 20 20 20 20 22 20 20 20 20 20 20 20 
