32 32
20 22 20 22 20 20 20 20 20 22 22 22 22 20 20 20 20 20 20 20 20 20 20 20 20 20 20 20 20 20 20 22 
20 20 20 20 20 20 22 20 22 20 20 22 20 20 22 20 20 20 22 20 22 20 20 20 20 20 20 20 22 22 20 20 
20 22 20 22 20 22 20 22 20 22 20 20 20 22 20 20 20 22 20 22 22 22 20 22 20 20 20 22 22 22 22 22 
22 20 22 20 20 20 22 22 22 20 22 20 22 20 22 163 163 163 163 137 163 22 20 20 22 20 20 22 22 22 22 22 
20 22 20 22 20 22 22 22 22 22 20 20 20 163 163 64 64 64 137 163 65 163 20 22 20 22 20 20 20 20 20 22 
22 20 22 20 20 20 20 22 22 22 22 20 163 65 65 65 65 64 64 163 65 163 22 20 22 20 20 20 22 20 20 20 
20 22 22 20 20 22 20 20 20 20 20 163 65 65 89 89 65 64 64 163 64 163 20 22 22 20 20 22 20 22 20 20 
22 22 20 20 22 20 22 20 22 22 20 163 65 65 89 65 64 64 137 137 137 20 20 22 22 20 22 20 22 20 22 20 
20 22 20 22 20 22 20 22 22 22 163 65 65 89 65 65 137 137 137 22 20 22 137 137 137 20 20 22 137 137 163 137 
20 20 20 20 137 137 137 137 137 22 163 65 65 65 137 137 64 65 137 137 22 137 163 163 163 137 22 22 137 163 163 137 
20 20 137 137 137 163 137 137 64 163 65 65 65 65 65 137 64 65 65 163 137 163 163 64 163 137 22 163 137 163 64 137 
22 137 163 137 163 137 65 65 65 64 163 163 65 65 65 137 64 65 65 137 163 137 64 64 163 137 163 163 137 163 64 137 
20 137 137 163 137 163 137 65 89 89 65 64 163 65 89 89 137 64 65 137 163 137 64 64 163 137 89 89 137 163 64 137 
137 163 163 137 163 137 65 65 137 89 89 65 163 65 65 89 137 64 65 137 64 137 64 64 163 137 65 89 137 163 64 137 
137 163 163 163 137 137 137 137 137 89 89 89 64 163 65 89 137 64 65 137 64 137 163 163 163 137 65 65 65 163 163 137 
137 64 64 163 137 137 65 65 89 89 89 89 65 163 65 89 137 64 65 137 64 137 137 137 137 20 137 137 137 137 137 20 
64 65 89 64 137 65 65 65 89 89 89 65 65 163 65 137 137 137 65 137 64 137 137 137 137 20 137 137 137 137 20 20 
64 64 64 89 64 137 137 65 137 89 89 65 64 163 137 64 64 163 137 137 64 137 163 163 137 163 65 137 163 137 137 20 
64 89 64 89 64 163 137 137 137 65 65 65 163 65 137 64 64 163 137 137 64 137 64 64 137 65 65 137 163 64 137 20 
64 89 89 64 89 64 137 65 65 65 65 64 163 65 137 163 163 163 137 137 163 137 64 64 137 89 89 137 163 64 137 22 
64 65 89 64 89 64 137 65 65 64 163 163 65 65 137 163 163 163 137 137 163 137 64 64 137 163 163 137 163 64 137 22 
20 64 65 64 65 64 137 137 64 163 65 65 65 163 163 137 137 137 65 163 137 163 163 137 137 20 20 137 137 137 137 22 
65 22 64 64 64 137 137 137 137 22 163 163 163 137 137 137 65 65 137 137 22 137 137 137 20 20 20 22 137 137 20 20 
65 65 22 20 22 20 20 20 20 20 137 137 137 65 65 65 137 137 137 22 22 20 20 20 22 20 22 20 22 20 22 20 
20 65 65 22 20 20 20 22 20 22 20 163 65 65 89 65 65 65 65 137 137 163 64 22 20 20 20 22 20 22 20 20 
22 20 22 22 20 20 22 20 22 20 22 163 65 65 89 89 89 89 65 65 163 64 64 163 22 20 20 20 20 20 20 20 
22 22 22 22 20 22 20 22 20 22 20 20 163 65 65 89 89 89 65 65 163 64 89 163 20 22 22 22 20 22 20 20 
20 20 22 22 20 20 22 22 22 22 22 20 22 163 163 65 65 65 65 137 163 64 89 163 22 22 22 22 22 20 22 20 
20 22 20 22 20 22 22 22 22 22 22 20 20 22 20 163 163 163 163 163 137 163 163 22 22 22 22 22 22 22 20 20 
20 22 22 20 20 20 22 22 22 22 20 20 22 20 22 20 20 20 22 20 22 20 20 20 22 20 22 20 22 20 22 20 
20 22 20 22 20 20 22 22 22 20 20 20 20 22 20 20 20 22 20 22 22 22 20 20 20 20 20 22 20 22 20 20 
20 20 22 20 22 20 20 20 20 20 22 22 20 20 20 20 22 20 22 22 22 22 20 20 22 20 20 20 20 20 20 20 
