32 32
20 22 20 22 20 20 20 20 20 22 22 22 163 163 163 163 20 20 20 20 20 20 20 20 20 20 20 20 20 20 20 22 
20 20 20 20 20 20 22 20 22 20 163 163 64 64 163 64 163 20 22 20 22 20 20 20 20 20 20 20 22 22 20 20 
20 22 20 22 20 22 20 22 20 163 64 64 64 64 64 163 64 163 20 22 22 22 20 22 20 20 20 22 22 22 22 22 
22 20 22 20 20 20 22 22 163 64 64 31 31 64 64 163 64 163 137 137 163 163 163 163 163 163 163 163 22 22 22 22 
20 22 20 22 20 22 22 22 163 64 31 31 64 64 64 163 64 163 137 64 64 64 64 64 64 64 64 163 163 20 20 22 
22 20 22 20 20 20 20 163 64 64 31 64 64 64 64 163 64 163 137 64 64 64 64 64 64 64 64 64 163 20 20 20 
20 22 22 20 20 22 20 163 64 64 31 64 64 64 64 163 64 163 137 64 163 163 163 163 163 163 163 163 163 163 20 20 
22 22 20 20 22 20 22 163 64 64 64 64 64 64 64 163 64 163 137 64 64 64 64 64 64 64 64 64 163 163 163 163 
22 22 22 22 20 22 20 163 64 64 64 64 64 64 64 163 64 163 137 64 64 64 64 64 64 64 64 64 64 163 64 163 
28 28 28 22 22 20 163 163 64 64 64 64 64 64 163 64 163 137 137 64 64 64 64 64 64 163 163 163 163 163 64 163 
22 22 28 28 22 163 64 163 64 64 64 64 64 64 163 64 163 137 64 64 64 64 64 64 64 64 64 64 163 163 64 163 
22 20 22 28 28 22 22 64 163 64 64 64 64 163 64 163 137 137 163 163 163 163 163 163 163 163 163 163 163 64 64 163 
20 163 22 28 28 28 28 22 64 163 163 163 163 163 163 137 137 137 137 137 137 137 137 137 137 137 137 137 137 163 64 163 
20 163 22 28 20 22 28 28 22 64 64 163 56 64 64 64 64 64 64 64 64 163 163 163 163 163 163 163 64 163 64 163 
163 22 28 31 20 22 28 31 28 22 64 163 64 56 56 64 64 64 64 64 64 163 64 64 64 64 64 163 163 64 163 163 
22 28 28 31 20 22 28 31 31 28 22 64 56 31 81 56 64 64 64 64 163 64 64 64 64 64 64 64 163 64 20 20 
22 28 28 31 22 22 28 31 31 28 22 64 56 81 81 56 64 64 64 64 163 64 64 64 64 64 64 64 163 64 20 20 
163 22 28 31 22 22 28 31 28 22 64 163 64 56 56 64 64 64 64 64 64 163 64 64 64 64 64 163 163 64 163 163 
22 163 22 28 22 22 28 28 22 64 64 163 56 64 64 64 64 64 64 64 64 163 163 163 163 163 163 163 64 163 64 163 
22 163 22 28 28 28 28 22 64 163 163 163 163 163 163 137 137 137 137 137 137 137 137 137 137 137 137 137 137 163 64 163 
22 20 22 28 28 22 22 64 163 64 64 64 64 163 64 163 137 137 163 163 163 163 163 163 163 163 163 163 163 64 64 163 
22 22 28 28 22 163 64 163 64 64 64 64 64 64 163 64 163 137 64 64 64 64 64 64 64 64 64 64 163 163 64 163 
28 28 28 22 20 20 163 163 64 64 31 31 64 64 163 64 163 137 137 64 64 64 64 163 163 163 163 163 163 163 64 163 
22 22 22 20 22 20 20 163 64 64 31 64 64 64 64 163 64 163 137 64 64 64 64 64 64 64 64 64 163 163 64 163 
20 22 20 22 20 20 20 163 64 64 64 64 64 64 64 163 64 163 137 64 64 64 64 64 64 64 64 64 64 163 163 163 
22 20 22 22 20 20 22 163 64 64 64 64 64 64 64 163 64 163 137 64 163 163 163 163 163 163 163 163 163 163 20 20 
22 22 22 22 20 22 20 163 64 64 64 64 64 64 64 163 64 163 137 64 64 64 64 64 64 64 64 64 163 22 20 20 
20 20 22 22 20 20 22 22 163 64 64 64 64 64 64 163 64 163 137 64 64 64 64 64 64 64 64 163 163 20 22 20 
20 22 20 22 20 22 22 22 163 64 64 64 64 64 64 163 64 163 137 137 163 163 163 163 163 163 163 163 22 22 20 20 
20 22 22 20 20 20 22 22 22 163 64 64 64 64 64 163 64 163 22 20 22 20 20 20 22 20 22 20 22 20 22 20 
20 22 20 22 20 20 22 22 22 20 163 163 64 64 163 64 163 22 20 22 22 22 20 20 20 20 20 22 20 22 20 20 
20 20 22 20 22 20 20 20 20 20 22 22 163 163 163 163 22 20 22 22 22 22 20 20 22 20 20 20 20 20 20 20 
