32 32
20 22 20 22 20 20 20 20 20 22 22 22 22 20 20 20 20 20 20 20 20 20 20 20 20 20 20 20 20 20 20 22 
20 20 20 20 20 20 22 20 22 20 20 22 20 20 22 20 20 20 22 20 22 20 20 20 20 20 20 20 22 22 20 20 
20 22 20 22 20 22 20 22 20 22 20 20 20 22 20 20 20 22 20 22 22 22 20 22 20 20 20 22 22 22 22 22 
22 20 22 20 20 20 22 22 22 20 22 20 22 20 22 20 20 20 22 22 22 22 20 20 22 20 20 22 22 22 22 22 
20 22 20 22 20 22 22 22 22 22 20 20 20 22 20 22 20 20 22 22 22 20 20 22 20 22 20 20 20 20 20 22 
22 20 22 20 20 20 20 22 22 22 22 20 22 20 22 20 20 20 22 20 22 20 22 20 22 20 20 20 22 20 20 20 
20 22 22 20 20 22 20 20 20 20 20 22 20 22 22 96 96 96 96 96 20 20 20 22 22 20 20 22 20 22 20 20 
22 22 20 20 22 20 22 20 22 22 20 20 22 96 96 96 95 95 95 96 96 96 20 22 22 20 22 20 22 20 22 20 
20 22 20 22 20 22 20 22 22 22 22 20 96 96 95 28 28 28 95 95 95 96 96 22 22 20 20 22 22 22 20 22 
20 20 20 20 22 20 22 22 22 22 20 96 96 95 28 31 31 31 28 95 95 95 96 96 20 20 22 22 22 22 22 20 
20 20 20 20 20 20 20 20 20 20 96 96 95 28 31 31 31 31 31 28 95 95 95 96 20 20 22 22 22 22 22 20 
22 20 22 20 20 20 20 20 22 20 96 95 95 28 31 20 20 20 31 28 95 95 95 96 22 20 20 22 22 22 20 20 
20 22 20 22 20 20 20 22 20 96 96 95 95 28 31 20 28 20 31 28 95 95 95 96 96 22 20 20 20 20 20 22 
20 20 22 20 20 20 22 20 22 96 95 95 95 95 28 31 31 31 28 95 95 95 95 95 96 20 20 20 22 20 22 22 
20 22 22 22 20 22 20 22 22 96 95 95 95 95 95 28 28 28 95 95 95 95 95 96 96 20 20 22 20 22 20 22 
20 20 22 22 20 20 22 22 22 96 95 95 95 95 95 95 95 95 95 95 95 95 95 95 96 20 22 20 22 20 20 20 
20 22 22 22 20 22 22 22 22 96 95 95 95 95 95 28 28 28 95 95 95 95 95 96 96 20 20 22 22 22 20 20 
20 20 22 20 20 22 22 22 22 96 95 95 95 95 28 31 31 31 28 95 95 95 96 95 96 20 22 22 22 22 22 20 
22 20 20 22 20 20 22 22 22 96 96 95 95 28 31 20 28 20 31 28 95 95 95 96 96 20 22 22 22 22 20 20 
22 22 20 20 20 20 20 20 20 20 96 95 95 28 31 20 20 20 31 28 96 95 96 96 22 20 22 20 22 20 22 22 
22 20 20 20 20 20 20 22 20 22 96 96 95 28 31 31 31 31 31 28 95 96 95 96 22 20 20 22 20 22 22 22 
20 20 22 20 22 20 22 20 22 20 22 96 96 95 28 31 31 31 28 95 96 95 96 96 20 20 20 20 20 20 20 22 
20 22 20 22 20 20 20 22 20 22 20 22 96 96 95 28 28 28 95 96 95 96 96 20 20 20 20 22 20 22 20 20 
20 20 22 20 22 20 20 20 20 20 20 20 20 96 96 96 96 95 96 96 96 96 20 20 22 20 22 20 22 20 22 20 
20 22 20 22 20 20 20 22 20 22 20 20 20 20 20 96 96 96 96 96 20 22 20 22 20 20 20 22 20 22 20 20 
22 20 22 22 20 20 22 20 22 20 22 20 20 22 22 20 20 20 22 20 22 20 20 20 22 20 20 20 20 20 20 20 
22 22 22 22 20 22 20 22 20 22 20 20 22 22 22 22 20 20 20 20 20 20 20 22 20 22 22 22 20 22 20 20 
20 20 22 22 20 20 22 22 22 22 22 20 22 22 22 20 20 20 22 20 22 20 20 20 22 22 22 22 22 20 22 20 
20 22 20 22 20 22 22 22 22 22 22 20 20 22 20 22 20 22 20 22 20 22 20 22 22 22 22 22 22 22 20 20 
20 22 22 20 20 20 22 22 22 22 20 20 22 20 22 20 20 20 22 20 22 20 20 20 22 20 22 20 22 20 22 20 
20 22 20 22 20 20 22 22 22 20 20 20 20 22 20 20 20 22 20 22 22 22 20 20 20 20 20 22 20 22 20 20 
20 20 22 20 22 20 20 20 20 20 22 22 20 20 20 20 22 20 22 22 22 22 20 20 22 20 20 20 20 20 20 20 
