32 32
20 22 20 22 20 20 20 20 20 22 22 22 22 20 20 20 20 20 20 20 20 20 20 20 20 20 20 20 20 20 20 22 
20 20 20 20 20 20 22 20 22 20 20 22 20 20 22 20 20 20 22 20 22 20 20 20 20 20 20 20 22 22 20 20 
20 22 20 22 20 22 20 22 20 22 20 20 20 22 20 20 20 22 20 22 22 22 20 22 20 20 20 22 22 22 22 22 
22 20 22 20 20 20 22 22 22 20 22 20 22 20 22 20 20 20 22 22 22 22 20 20 22 20 20 22 22 22 22 22 
20 22 20 22 20 22 22 22 22 22 20 20 20 22 20 22 20 20 22 22 22 20 20 22 20 22 20 20 20 20 20 22 
22 20 22 20 20 20 20 22 22 22 22 20 22 20 22 163 163 163 163 163 22 20 22 20 22 20 20 20 22 20 20 20 
20 22 22 20 20 22 20 20 20 20 20 22 20 163 163 64 64 64 64 64 163 163 20 22 22 20 20 22 20 22 20 20 
22 22 20 20 22 20 22 20 22 22 20 20 163 64 64 64 64 64 64 64 64 64 163 22 22 20 22 20 22 20 22 20 
20 22 20 22 20 22 20 22 22 22 22 163 64 64 64 28 28 28 64 64 64 64 64 163 22 20 20 22 22 22 20 22 
20 20 20 20 22 20 22 22 22 22 163 64 64 64 28 31 31 31 28 64 64 64 64 64 163 20 22 22 22 22 22 20 
20 20 20 20 20 20 20 20 20 163 64 64 64 28 31 20 20 20 31 28 64 64 64 64 163 20 22 22 22 22 22 20 
22 20 22 20 20 20 20 20 22 163 64 64 64 28 31 20 31 20 31 28 64 64 64 64 64 163 20 22 22 22 20 20 
20 22 20 22 20 20 20 22 163 64 64 64 64 28 31 20 20 20 31 28 64 64 64 64 64 163 20 20 20 20 20 22 
20 20 22 20 20 20 22 20 163 64 64 64 64 64 28 31 31 31 28 64 64 64 64 64 64 163 20 20 22 20 22 22 
20 22 22 22 20 22 20 22 163 64 64 64 64 64 64 28 28 28 64 64 64 64 64 64 64 163 20 22 20 22 20 22 
20 20 22 22 20 20 22 22 163 64 64 64 64 64 64 64 64 64 64 64 64 64 64 64 64 163 22 20 22 20 20 20 
20 22 22 22 20 22 22 22 163 64 64 64 64 64 64 28 28 28 64 64 64 64 64 64 64 163 20 22 22 22 20 20 
20 20 22 20 20 22 22 22 163 64 64 64 64 64 28 31 31 31 28 64 64 64 64 64 64 163 22 22 22 22 22 20 
22 20 20 22 20 20 22 22 163 64 64 64 64 28 31 20 20 20 31 28 64 64 64 64 64 163 22 22 22 22 20 20 
22 22 20 20 20 20 20 20 20 163 64 64 64 28 31 20 31 20 31 28 64 64 64 64 64 163 22 20 22 20 22 22 
22 20 20 20 20 20 20 22 20 163 64 64 64 28 31 20 20 20 31 28 64 64 64 64 163 20 20 22 20 22 22 22 
20 20 22 20 22 20 22 20 22 20 163 64 64 64 28 31 31 31 28 64 64 64 64 64 163 20 20 20 20 20 20 22 
20 22 20 22 20 20 20 22 20 22 20 163 64 64 64 28 28 28 64 64 64 64 64 163 20 20 20 22 20 22 20 20 
20 20 22 20 22 20 20 20 20 20 20 20 163 64 64 64 64 64 64 64 64 64 163 20 22 20 22 20 22 20 22 20 
20 22 20 22 20 20 20 22 20 22 20 20 20 163 163 64 64 64 64 64 163 163 20 22 20 20 20 22 20 22 20 20 
22 20 22 22 20 20 22 20 22 20 22 20 20 22 22 163 163 163 163 163 22 20 20 20 22 20 20 20 20 20 20 20 
22 22 22 22 20 22 20 22 20 22 20 20 22 22 22 22 20 20 20 20 20 20 20 22 20 22 22 22 20 22 20 20 
20 20 22 22 20 20 22 22 22 22 22 20 22 22 22 20 20 20 22 20 22 20 20 20 22 22 22 22 22 20 22 20 
20 22 20 22 20 22 22 22 22 22 22 20 20 22 20 22 20 22 20 22 20 22 20 22 22 22 22 22 22 22 20 20 
20 22 22 20 20 20 22 22 22 22 20 20 22 20 22 20 20 20 22 20 22 20 20 20 22 20 22 20 22 20 22 20 
20 22 20 22 20 20 22 22 22 20 20 20 20 22 20 20 20 22 20 22 22 22 20 20 20 20 20 22 20 22 20 20 
20 20 22 20 22 20 20 20 20 20 22 22 20 20 20 20 22 20 22 22 22 22 20 20 22 20 20 20 20 20 20 20 
