32 32
20 22 20 22 20 20 20 20 20 22 22 22 22 20 20 20 20 20 20 20 20 20 20 20 20 20 20 20 20 20 20 22 
20 20 20 20 20 20 22 20 22 20 20 22 20 20 22 20 20 20 22 20 22 20 20 20 20 20 20 20 22 22 20 20 
20 22 20 22 20 22 20 22 20 22 20 20 28 28 28 28 28 28 28 28 22 28 28 22 20 20 20 22 22 22 22 22 
22 20 22 20 20 20 22 22 22 20 28 28 28 28 31 31 31 31 31 31 28 31 31 28 22 20 20 22 22 22 22 22 
20 22 20 22 20 22 22 22 22 28 31 31 28 28 20 22 20 20 22 22 28 28 31 28 20 22 20 20 20 20 20 22 
22 20 22 20 20 20 20 22 22 28 31 31 28 20 22 20 20 20 22 20 22 28 28 20 22 20 20 20 22 20 20 20 
20 22 22 20 20 22 20 20 20 22 28 28 20 22 22 22 20 20 20 22 20 20 20 22 22 20 20 22 20 22 20 20 
22 22 20 20 22 20 22 20 22 22 28 31 22 22 22 22 20 20 22 20 22 20 20 22 22 20 22 20 22 20 22 20 
20 22 20 22 20 22 20 22 22 22 28 31 22 22 22 22 20 22 20 22 20 22 20 22 22 20 20 22 22 22 28 22 
20 20 20 20 28 28 28 28 22 22 20 28 31 22 22 28 28 22 28 22 22 31 31 20 20 20 22 22 22 28 28 20 
20 20 28 28 28 31 31 28 28 22 20 28 22 28 28 22 31 31 22 31 22 22 31 31 20 20 22 22 28 31 28 20 
22 28 28 31 22 22 22 31 28 22 22 22 22 22 31 31 22 31 22 31 22 28 22 31 28 28 28 28 22 31 28 20 
20 28 31 22 22 22 22 31 31 22 28 28 28 22 22 31 22 31 22 31 22 28 22 31 22 28 31 31 28 28 28 22 
28 28 31 22 22 22 22 31 31 28 22 22 28 28 22 28 22 28 22 28 22 28 22 28 22 28 28 28 28 28 22 22 
28 31 31 22 22 22 31 31 22 31 28 22 22 28 28 22 22 22 22 22 22 22 28 28 22 22 20 22 20 22 20 22 
28 31 31 31 31 31 31 22 22 28 31 22 22 31 28 22 28 31 28 31 28 28 22 22 22 20 22 20 22 20 20 20 
28 31 31 31 31 31 31 22 22 28 31 22 22 31 28 22 28 31 28 31 28 28 22 22 22 20 20 22 22 22 20 20 
28 31 31 22 22 22 31 31 22 31 28 22 22 28 28 22 22 22 22 22 22 22 28 28 22 22 22 22 22 22 22 20 
28 28 31 22 22 22 22 31 31 28 22 22 28 28 22 28 22 28 22 28 22 28 22 28 22 28 28 28 28 28 28 20 
22 28 31 22 22 22 22 31 31 22 28 28 28 22 22 31 22 31 22 31 22 28 22 31 22 28 31 31 31 28 28 28 
22 28 28 31 22 22 22 31 28 22 22 22 22 22 31 31 22 31 22 31 22 28 22 31 28 28 28 28 28 22 31 28 
20 20 28 28 28 31 31 28 28 22 22 28 22 28 28 22 31 31 22 31 22 22 31 31 20 20 20 20 20 28 31 28 
20 22 20 22 28 28 28 28 20 22 20 28 31 22 20 28 28 22 28 22 22 31 31 20 20 20 20 22 20 22 31 31 
20 20 22 20 22 20 20 20 20 20 28 31 20 20 22 20 20 22 22 22 22 20 20 20 22 20 22 20 22 20 28 28 
20 22 20 22 20 20 20 22 20 22 28 31 20 20 20 20 20 22 20 22 20 22 20 22 20 20 20 22 20 22 20 28 
22 20 22 22 20 20 22 20 22 22 28 28 20 22 22 20 20 20 22 20 22 20 20 20 22 20 20 20 20 20 20 20 
22 22 22 22 20 22 20 22 20 28 31 31 28 22 22 22 20 20 20 20 20 28 28 22 20 22 22 22 20 22 20 20 
20 20 22 22 20 20 22 22 22 28 31 31 28 28 22 20 20 20 22 20 28 28 31 28 22 22 22 22 22 20 22 20 
20 22 20 22 20 22 22 22 22 22 28 28 28 28 31 31 31 31 31 31 28 31 31 28 22 22 22 22 22 22 20 20 
20 22 22 20 20 20 22 22 22 22 20 20 28 28 28 28 28 28 28 28 22 28 28 20 22 20 22 20 22 20 22 20 
20 22 20 22 20 20 22 22 22 20 20 20 20 22 20 20 20 22 20 22 22 22 20 20 20 20 20 22 20 22 20 20 
20 20 22 20 22 20 20 20 20 20 22 22 20 20 20 20 22 20 22 22 22 22 20 20 22 20 20 20 20 20 20 20 
