32 32
20 22 20 22 20 20 20 20 20 22 22 22 22 20 20 20 20 20 20 20 20 20 20 20 20 20 20 20 20 20 20 22 
20 20 20 20 20 20 22 20 22 20 20 22 20 20 22 20 20 20 22 20 22 20 20 20 20 20 20 20 22 22 20 20 
20 22 20 22 20 22 20 22 20 22 20 20 20 22 20 20 20 22 20 22 22 22 20 22 20 20 20 22 22 22 22 22 
22 20 22 20 20 20 22 22 22 20 22 20 22 20 22 20 20 20 22 22 22 22 20 20 22 20 20 22 22 22 22 22 
20 22 20 22 20 22 22 22 22 22 20 20 20 22 20 22 20 20 22 22 22 20 20 22 20 22 20 20 20 20 20 22 
22 20 22 20 20 20 20 22 22 22 22 20 22 20 22 20 20 20 22 20 22 20 22 20 22 20 20 20 22 20 20 20 
20 22 22 20 20 22 20 20 20 20 20 22 20 22 22 22 20 20 20 22 20 20 20 22 22 20 20 22 20 22 20 20 
22 22 20 20 22 20 22 20 22 22 56 56 56 56 56 56 56 20 22 20 22 20 20 22 22 20 22 20 22 20 22 20 
20 22 20 22 20 22 20 56 56 56 80 80 80 80 80 80 80 56 56 56 20 22 20 22 22 20 20 22 22 22 20 22 
20 20 20 20 22 20 56 80 80 80 81 80 81 80 81 80 81 80 80 80 56 22 20 20 20 20 22 22 22 22 22 20 
20 20 20 20 20 31 56 56 80 81 81 81 81 81 80 81 80 81 80 80 80 56 20 20 20 20 22 22 22 22 22 20 
22 20 22 20 20 20 20 56 56 80 81 81 81 81 81 80 81 80 80 56 56 56 56 20 22 20 20 22 22 22 20 20 
20 22 20 22 20 20 20 22 20 56 80 81 81 81 81 80 80 56 56 20 20 20 20 22 20 22 20 20 20 20 20 22 
20 20 22 20 20 20 22 20 22 56 56 31 64 80 80 80 56 20 22 20 22 20 22 20 22 20 20 20 22 20 22 22 
20 22 22 22 20 22 20 56 56 80 80 64 64 81 80 80 56 22 20 22 20 22 20 22 20 20 20 22 20 22 20 22 
20 20 22 22 20 20 22 22 56 80 81 81 81 81 81 80 80 56 22 20 22 22 22 22 22 20 22 20 22 20 20 20 
20 22 22 22 20 22 22 22 56 80 81 81 81 81 81 80 80 56 20 20 22 22 22 22 22 20 20 22 22 22 20 20 
20 20 22 20 20 22 22 56 56 80 80 31 64 81 80 80 56 20 22 20 20 22 22 22 20 20 22 22 22 22 22 20 
22 20 20 22 20 20 22 22 22 56 56 64 64 80 80 80 56 22 20 22 20 20 20 20 20 20 22 22 22 22 20 20 
22 22 20 20 20 20 20 20 20 56 80 81 81 81 81 80 80 56 56 20 22 20 20 22 22 20 22 20 22 20 22 22 
22 20 20 20 20 20 20 56 56 80 81 81 81 81 81 80 81 80 80 56 56 56 56 22 22 20 20 22 20 22 22 22 
20 20 22 20 22 31 56 56 80 81 81 81 81 81 80 81 80 81 80 80 80 56 20 22 20 20 20 20 20 20 20 22 
20 22 20 22 20 20 56 80 80 80 81 80 81 80 81 80 81 80 80 80 56 22 20 20 20 20 20 22 20 22 20 20 
20 20 22 20 22 20 20 56 56 56 80 80 80 80 80 80 80 56 56 56 22 20 20 20 22 20 22 20 22 20 22 20 
20 22 20 22 20 20 20 22 20 22 56 56 56 56 56 56 56 22 20 22 20 22 20 22 20 20 20 22 20 22 20 20 
22 20 22 22 20 20 22 20 22 20 22 20 20 22 22 20 20 20 22 20 22 20 20 20 22 20 20 20 20 20 20 20 
22 22 22 22 20 22 20 22 20 22 20 20 22 22 22 22 20 20 20 20 20 20 20 22 20 22 22 22 20 22 20 20 
20 20 22 22 20 20 22 22 22 22 22 20 22 22 22 20 20 20 22 20 22 20 20 20 22 22 22 22 22 20 22 20 
20 22 20 22 20 22 22 22 22 22 22 20 20 22 20 22 20 22 20 22 20 22 20 22 22 22 22 22 22 22 20 20 
20 22 22 20 20 20 22 22 22 22 20 20 22 20 22 20 20 20 22 20 22 20 20 20 22 20 22 20 22 20 22 20 
20 22 20 22 20 20 22 22 22 20 20 20 20 22 20 20 20 22 20 22 22 22 20 20 20 20 20 22 20 22 20 20 
20 20 22 20 22 20 20 20 20 20 22 22 20 20 20 20 22 20 22 22 22 22 20 20 22 20 20 20 20 20 20 20 
