32 32
20 22 20 22 20 20 20 20 20 22 22 22 22 20 20 20 20 20 20 20 20 20 20 20 20 20 20 20 20 20 20 22 
20 20 20 20 20 20 22 20 22 56 65 65 65 56 56 56 56 20 22 20 22 20 20 20 20 20 20 20 22 22 20 20 
20 22 20 22 20 22 20 22 56 56 89 89 65 22 22 22 56 56 20 22 22 22 20 22 20 20 20 22 22 22 22 22 
22 20 22 20 20 20 22 22 56 80 56 22 22 22 22 56 56 56 22 22 22 22 20 20 22 20 20 22 22 22 22 22 
20 22 20 22 20 22 22 22 56 80 80 56 56 56 56 56 80 56 22 22 22 20 20 22 20 22 20 20 20 20 20 22 
22 20 22 20 20 20 20 22 56 80 80 80 80 80 80 80 56 20 22 20 22 20 22 20 22 20 20 20 22 20 20 20 
20 22 22 20 20 22 20 20 56 56 80 81 81 81 81 80 56 20 20 22 20 20 20 22 22 20 20 56 56 22 20 20 
22 22 20 20 22 20 22 20 22 56 80 81 81 81 80 56 20 20 22 20 22 20 20 22 22 20 56 80 80 56 22 20 
20 22 20 22 20 22 20 22 56 56 56 56 80 81 80 56 20 22 20 22 20 22 20 22 22 56 80 80 80 56 20 22 
20 20 20 20 22 20 56 56 56 80 80 56 56 56 56 56 20 20 22 22 22 22 20 20 20 56 80 80 80 80 56 20 
20 20 20 20 56 56 81 81 80 56 80 80 80 80 56 56 20 22 22 22 22 22 20 20 56 80 80 81 80 80 56 20 
22 20 22 56 80 81 80 80 80 80 56 80 81 81 80 56 56 20 22 22 22 20 56 56 80 80 81 81 80 80 56 20 
20 22 56 80 81 80 20 20 20 20 80 56 80 81 80 80 56 56 56 56 56 56 80 80 80 81 81 81 80 80 56 22 
20 20 56 80 80 20 31 64 20 20 20 56 80 80 56 80 80 56 80 80 80 80 80 81 81 81 81 81 81 80 56 22 
20 22 56 80 20 20 64 64 20 20 20 20 56 80 56 81 80 56 56 80 80 81 81 81 81 81 81 81 80 80 56 22 
20 20 56 80 20 20 20 20 20 20 20 20 56 56 80 56 56 56 56 80 81 81 81 81 81 81 81 81 81 80 56 20 
20 22 56 80 20 20 20 20 20 20 20 20 56 56 80 56 56 56 56 80 81 81 81 81 81 81 81 81 80 80 56 20 
20 20 56 80 20 20 31 64 20 20 20 20 56 80 56 81 80 56 56 80 80 81 81 81 81 81 81 80 81 80 56 20 
22 20 56 80 80 20 64 64 20 20 20 56 80 80 56 80 80 56 80 80 80 80 80 81 81 81 80 81 80 80 56 20 
22 22 56 80 81 80 20 20 20 20 80 56 80 81 80 80 56 56 56 56 56 56 80 80 81 80 81 80 81 80 56 22 
22 20 20 56 80 81 80 80 80 80 56 80 80 81 80 56 56 22 22 22 22 22 56 56 80 80 80 81 80 80 56 22 
20 20 22 20 56 56 81 81 80 56 80 80 80 80 56 56 20 22 22 22 22 22 20 22 56 80 80 80 80 80 56 22 
20 22 20 22 20 20 56 56 56 80 80 56 56 56 56 56 20 22 22 22 22 22 20 20 20 56 80 80 80 80 56 20 
20 20 22 20 22 20 20 20 56 56 56 56 80 80 80 56 20 22 22 22 22 20 20 20 22 56 80 80 80 56 22 20 
20 22 20 22 20 20 20 22 20 56 80 80 80 81 80 56 20 22 20 22 20 22 20 22 20 20 56 80 80 56 20 20 
22 20 22 22 20 20 22 20 22 56 80 81 81 81 81 80 56 20 22 20 22 20 20 20 22 20 20 56 56 20 20 20 
22 22 22 22 20 22 20 22 56 56 80 80 80 80 80 80 56 20 20 20 20 20 20 22 20 22 22 22 20 22 20 20 
20 20 22 22 20 20 22 22 56 80 80 56 56 56 56 56 80 56 22 20 22 20 20 20 22 22 22 22 22 20 22 20 
20 22 20 22 20 22 22 22 56 80 56 22 22 22 22 56 56 56 20 22 20 22 20 22 22 22 22 22 22 22 20 20 
20 22 22 20 20 20 22 22 56 56 89 89 65 22 22 22 56 56 22 20 22 20 20 20 22 20 22 20 22 20 22 20 
20 22 20 22 20 20 22 22 22 56 65 65 65 56 56 56 56 22 20 22 22 22 20 20 20 20 20 22 20 22 20 20 
20 20 22 20 22 20 20 20 20 20 22 22 20 20 20 20 22 20 22 22 22 22 20 20 22 20 20 20 20 20 20 20 
