32 32
20 22 20 22 28 31 31 31 28 22 22 22 22 20 20 20 20 20 20 20 20 20 20 20 20 20 20 20 20 20 20 22 
20 20 20 20 20 20 28 31 31 31 31 28 20 20 22 20 20 20 22 20 22 20 20 20 20 20 20 20 22 22 20 20 
20 22 20 22 20 22 20 22 20 28 31 31 31 31 28 20 20 22 20 22 22 22 20 22 20 20 20 22 22 22 22 22 
22 20 22 20 20 20 22 22 22 20 22 22 28 31 31 31 31 81 22 80 56 22 20 20 22 20 20 22 22 22 22 22 
20 22 20 22 20 22 22 22 22 22 28 28 22 22 22 81 81 81 56 80 56 20 20 22 20 22 20 20 20 20 20 22 
22 20 22 20 20 20 20 22 22 22 28 31 31 28 28 22 22 56 80 80 20 28 22 20 22 20 20 20 22 20 20 20 
20 22 22 20 20 22 20 20 20 20 22 28 28 22 22 22 80 80 80 80 56 28 20 22 22 20 20 22 20 22 20 20 
22 22 20 20 22 20 22 20 22 22 20 28 31 22 22 22 56 56 22 56 56 20 20 22 22 20 22 20 22 20 22 20 
20 22 20 22 20 22 20 22 22 22 22 28 31 22 22 22 20 22 20 22 20 22 20 22 22 20 20 22 22 22 28 22 
20 20 20 20 28 28 28 28 22 22 20 28 31 22 22 28 28 22 28 22 22 31 31 20 20 20 22 22 22 28 28 20 
20 20 28 28 28 31 31 28 28 22 20 28 22 28 28 22 31 31 22 31 22 22 31 31 20 20 22 22 28 31 28 20 
22 28 28 31 22 22 22 31 28 22 22 22 22 22 31 31 22 31 22 31 22 28 22 31 28 28 28 28 22 31 28 20 
20 28 31 22 22 22 22 31 31 22 28 28 28 22 22 31 22 31 22 31 22 28 22 31 22 28 31 31 28 28 28 22 
28 28 31 22 22 22 22 31 31 28 22 22 28 28 22 28 22 28 22 28 22 28 22 28 22 28 28 28 28 28 22 22 
28 31 31 22 22 22 31 31 22 31 28 22 22 28 28 22 22 22 22 22 22 22 28 28 22 22 20 22 20 22 20 22 
28 31 31 31 31 31 31 22 22 28 31 22 22 31 28 22 28 31 28 31 28 28 22 22 22 20 22 20 22 20 20 20 
28 31 31 31 31 31 31 22 22 28 31 22 22 31 28 22 28 31 28 31 28 28 22 22 22 20 20 22 22 22 20 20 
28 31 31 22 22 22 31 31 22 31 28 22 22 28 28 22 22 22 22 22 22 22 28 28 22 22 22 22 22 22 22 20 
28 28 31 22 22 22 22 31 31 28 22 22 28 28 22 28 22 28 22 28 22 28 22 28 22 28 28 28 28 28 28 20 
22 28 31 22 22 22 22 31 31 22 28 28 28 22 22 31 22 31 22 31 22 28 22 31 22 28 31 31 31 28 28 28 
22 28 28 31 22 22 22 31 28 22 22 22 22 22 31 22 22 22 22 22 22 22 22 31 28 28 28 28 28 22 31 28 
20 20 28 28 28 31 31 28 28 22 22 28 22 28 22 56 56 56 56 56 56 22 22 31 20 20 20 20 20 28 31 28 
20 22 20 22 28 28 28 28 20 22 20 28 22 22 56 56 81 81 81 81 56 56 22 20 20 20 20 22 20 22 31 31 
20 20 22 20 22 20 20 20 20 20 28 31 20 56 56 81 22 81 81 22 81 56 56 20 22 20 22 20 22 20 28 28 
20 22 20 22 20 20 20 22 20 22 28 31 20 56 81 22 22 64 64 22 22 81 56 22 20 20 20 22 20 22 20 28 
22 20 22 22 20 20 22 20 22 22 28 28 20 56 81 81 64 31 64 64 81 81 56 20 22 20 20 20 20 20 20 20 
22 22 22 22 20 22 20 22 20 28 31 31 22 56 81 81 64 64 64 64 81 81 56 22 20 22 22 22 20 22 20 20 
20 20 22 22 20 20 22 22 22 28 31 31 22 56 81 22 22 64 64 22 22 81 56 20 22 22 22 22 22 20 22 20 
20 22 20 22 20 22 22 22 22 22 28 28 22 56 56 81 22 81 81 22 81 56 56 22 22 22 22 22 22 22 20 20 
20 22 22 20 20 20 22 22 22 22 20 20 22 22 56 56 81 81 81 81 56 56 20 20 22 20 22 20 22 20 22 20 
20 22 20 22 20 20 22 22 22 20 20 20 20 22 20 56 56 56 56 56 56 22 20 20 20 20 20 22 20 22 20 20 
20 20 22 20 22 20 20 20 20 20 22 22 20 20 20 20 22 20 22 22 22 22 20 20 22 20 20 20 20 20 20 20 
