32 32
20 22 20 22 20 20 20 20 20 22 22 22 22 20 20 20 20 20 20 20 20 20 20 20 20 20 20 20 20 20 20 22 
20 20 20 20 20 20 22 20 89 89 89 89 64 64 64 64 64 64 64 64 64 20 20 20 20 20 20 20 22 22 20 20 
20 22 20 22 20 22 20 89 31 31 89 89 64 64 65 65 65 65 65 65 64 64 20 22 20 20 20 22 22 22 22 22 
22 20 22 20 20 20 22 89 31 89 89 89 64 65 89 89 89 89 89 65 65 64 20 20 22 20 20 22 22 64 64 64 
20 22 20 22 20 22 22 89 89 89 89 89 64 89 89 89 89 89 89 89 65 64 20 22 20 22 20 20 64 64 65 64 
22 20 22 20 20 20 20 89 89 89 89 64 64 89 89 89 89 89 89 89 65 64 22 20 22 20 20 64 64 65 65 64 
20 22 22 20 20 22 20 89 89 89 64 65 64 64 64 64 64 89 89 65 65 64 20 22 64 64 64 64 65 31 65 64 
22 22 20 20 22 20 22 64 64 64 65 65 64 65 65 65 64 64 65 65 64 64 64 64 64 65 65 64 89 89 65 64 
20 22 20 22 20 22 20 64 65 65 65 65 65 65 89 89 65 64 64 64 64 64 64 65 64 31 65 64 89 89 65 64 
20 20 20 64 64 64 64 64 64 64 64 65 89 65 89 89 31 65 65 64 64 64 64 65 64 64 65 64 89 89 65 64 
20 20 64 64 65 65 65 65 65 65 64 64 65 64 89 89 89 31 65 64 65 65 64 65 89 64 64 64 65 89 65 64 
22 64 64 65 64 64 65 65 65 65 65 64 65 64 65 89 89 89 89 64 89 65 64 65 89 89 65 64 65 65 65 64 
20 64 65 65 31 64 65 89 89 65 65 65 65 65 64 65 89 89 65 64 89 89 64 64 89 89 65 64 64 65 65 64 
20 64 65 89 64 64 65 89 89 89 65 65 65 65 64 64 65 89 65 64 89 89 65 64 64 65 65 65 64 65 64 64 
20 64 65 89 64 64 65 89 89 89 89 65 65 64 64 64 64 65 64 64 89 89 89 65 64 64 64 64 64 64 64 22 
20 64 65 89 89 89 89 89 89 89 89 65 64 64 31 64 64 64 64 65 89 89 89 65 64 20 22 20 22 20 20 20 
20 64 65 89 89 89 89 89 89 89 89 65 64 64 64 64 64 64 64 65 89 89 89 65 64 20 20 22 22 22 20 20 
20 64 65 89 64 64 65 89 89 89 89 65 65 64 64 64 64 65 64 64 89 89 65 65 64 64 64 64 64 64 64 20 
22 64 65 89 31 64 65 89 89 89 65 65 65 65 64 64 65 89 65 64 89 65 65 64 64 65 65 65 64 65 64 64 
22 64 65 65 64 64 65 89 89 65 65 65 65 65 64 65 89 31 65 64 89 65 64 64 89 89 89 64 64 65 65 64 
22 64 64 65 64 64 65 65 65 65 65 64 65 64 65 89 89 89 89 64 65 65 64 65 89 89 89 64 65 31 65 64 
20 20 64 64 65 65 65 65 65 65 64 64 65 64 65 89 89 89 65 64 65 65 64 65 65 64 64 64 89 89 65 64 
20 22 20 64 64 64 64 64 64 64 64 65 89 65 65 89 89 65 65 64 64 64 64 65 64 64 65 64 89 89 65 64 
20 20 22 20 22 20 20 64 64 65 65 65 65 65 65 89 65 64 64 64 64 64 64 65 64 89 65 64 89 89 65 64 
20 22 20 22 20 20 20 64 64 64 65 65 64 65 65 65 64 64 65 65 64 64 64 64 64 65 65 64 65 89 65 64 
22 20 22 22 20 20 22 89 89 89 64 65 64 64 64 64 64 65 65 65 65 64 20 20 64 64 64 64 65 65 65 64 
22 22 22 22 20 22 20 89 31 31 89 64 64 65 65 65 65 65 89 89 65 64 20 22 20 22 22 64 64 65 65 64 
20 20 22 22 20 20 22 89 31 89 89 89 64 65 89 89 89 89 89 89 65 64 20 20 22 22 22 22 64 64 65 64 
20 22 20 22 20 22 22 89 89 89 89 89 64 65 65 89 89 89 89 65 65 64 20 22 22 22 22 22 22 64 64 64 
20 22 22 20 20 20 22 89 89 89 89 89 64 64 65 65 65 65 65 65 64 64 20 20 22 20 22 20 22 20 22 20 
20 22 20 22 20 20 22 22 89 89 89 89 64 64 64 64 64 64 64 64 64 22 20 20 20 20 20 22 20 22 20 20 
20 20 22 20 22 20 20 20 20 20 22 22 20 20 20 20 22 20 22 22 22 22 20 20 22 20 20 20 20 20 20 20 
