32 32
20 22 20 22 20 20 20 20 20 22 22 22 22 20 20 20 20 20 20 20 20 20 20 20 20 20 20 20 20 20 20 22 
20 20 20 20 20 20 22 20 81 81 81 81 56 56 56 56 56 56 56 56 56 20 20 20 20 20 20 20 22 22 20 20 
20 22 20 22 20 22 20 81 31 31 81 81 56 56 80 80 80 80 80 80 56 56 20 22 20 20 20 22 22 22 22 22 
22 20 22 20 20 20 22 81 31 81 81 81 56 80 81 81 81 81 81 80 80 56 20 20 22 20 20 22 22 56 56 56 
20 22 20 22 20 22 22 81 81 81 81 81 56 81 81 81 81 81 81 81 80 56 20 22 20 22 20 20 56 56 80 56 
22 20 22 20 20 20 20 81 81 81 81 56 56 81 81 81 81 81 81 81 80 56 22 20 22 20 20 56 56 80 80 56 
20 22 22 20 20 22 20 81 81 81 56 80 56 56 56 56 56 81 81 80 80 56 20 22 56 56 56 56 80 31 80 56 
22 22 20 20 22 20 22 56 56 56 80 80 56 80 80 80 56 56 80 80 56 56 56 56 56 80 80 56 81 81 80 56 
20 22 20 22 20 22 20 56 80 80 80 80 80 80 81 81 80 56 56 56 56 56 56 80 56 31 80 56 81 81 80 56 
20 20 20 56 56 56 56 56 56 56 56 80 81 80 81 81 31 80 80 56 56 56 56 80 56 56 80 56 81 81 80 56 
20 20 56 56 80 80 80 80 80 80 56 56 80 56 81 81 81 31 80 56 80 80 56 80 81 56 56 56 80 81 80 56 
22 56 56 80 64 64 80 80 80 80 80 56 80 56 80 81 81 81 81 56 81 80 56 80 81 81 80 56 80 80 80 56 
20 56 80 80 31 64 80 81 81 80 80 80 80 80 56 80 81 81 80 56 81 81 56 56 81 81 80 56 56 80 80 56 
20 56 80 81 64 64 80 81 81 81 80 80 80 80 56 56 80 81 80 56 81 81 80 56 56 80 80 80 56 80 56 56 
20 56 80 81 64 64 80 81 81 81 81 80 80 56 96 96 56 80 56 56 81 81 81 80 56 56 56 56 56 56 56 22 
20 56 80 81 81 81 81 81 81 81 81 80 56 96 31 95 96 56 56 80 81 81 81 80 56 20 22 20 22 20 20 20 
20 56 80 81 81 81 81 81 81 81 81 80 56 96 95 95 96 56 56 80 81 81 81 80 56 20 20 22 22 22 20 20 
20 56 80 81 64 64 80 81 81 81 81 80 80 56 96 96 56 80 56 56 81 81 80 80 56 56 56 56 56 56 56 20 
22 56 80 81 31 64 80 81 81 81 80 80 80 80 56 56 80 81 80 56 81 80 80 56 56 80 80 80 56 80 56 56 
22 56 80 80 64 64 80 81 81 80 80 80 80 80 56 80 81 31 80 56 81 80 56 56 81 81 81 56 56 80 80 56 
22 56 56 80 64 64 80 80 80 80 80 56 80 56 80 81 81 81 81 56 80 80 56 80 81 81 81 56 80 31 80 56 
20 20 56 56 80 80 80 80 80 80 56 56 80 56 80 81 81 81 80 56 80 80 56 80 80 56 56 56 81 81 80 56 
20 22 20 56 56 56 56 56 56 56 56 80 81 80 80 81 81 80 80 56 56 56 56 80 56 56 80 56 81 81 80 56 
20 20 22 20 22 20 20 56 56 80 80 80 80 80 80 81 80 56 56 56 56 56 56 80 56 81 80 56 81 81 80 56 
20 22 20 22 20 20 20 56 56 56 80 80 56 80 80 80 56 56 80 80 56 56 56 56 56 80 80 56 80 81 80 56 
22 20 22 22 20 20 22 81 81 81 56 80 56 56 56 56 56 80 80 80 80 56 20 20 56 56 56 56 80 80 80 56 
22 22 22 22 20 22 20 81 31 31 81 56 56 80 80 80 80 80 81 81 80 56 20 22 20 22 22 56 56 80 80 56 
20 20 22 22 20 20 22 81 31 81 81 81 56 80 81 81 81 81 81 81 80 56 20 20 22 22 22 22 56 56 80 56 
20 22 20 22 20 22 22 81 81 81 81 81 56 80 80 81 81 81 81 80 80 56 20 22 22 22 22 22 22 56 56 56 
20 22 22 20 20 20 22 81 81 81 81 81 56 56 80 80 80 80 80 80 56 56 20 20 22 20 22 20 22 20 22 20 
20 22 20 22 20 20 22 22 81 81 81 81 56 56 56 56 56 56 56 56 56 22 20 20 20 20 20 22 20 22 20 20 
20 20 22 20 22 20 20 20 20 20 22 22 20 20 20 20 22 20 22 22 22 22 20 20 22 20 20 20 20 20 20 20 
