32 32
20 22 20 22 64 31 31 31 64 22 22 22 22 20 20 20 20 20 20 20 20 20 20 20 20 20 20 20 20 20 20 22 
20 20 20 20 20 20 64 64 64 64 64 64 20 20 22 20 20 20 22 20 22 20 20 20 20 20 20 20 22 22 20 20 
20 22 20 22 20 22 20 22 20 64 64 64 64 64 64 20 20 22 20 22 22 22 20 22 20 20 20 22 22 22 22 22 
22 20 22 20 20 20 22 22 22 20 22 22 64 64 64 64 64 64 22 81 80 22 20 20 22 20 20 22 22 22 22 22 
20 22 20 22 20 22 22 22 22 22 65 65 22 22 22 64 64 64 80 81 80 20 20 22 20 22 20 20 20 20 20 22 
22 20 22 20 20 20 20 22 22 22 65 89 89 65 65 22 22 80 81 81 20 65 22 20 22 20 20 20 22 20 20 20 
20 22 22 20 20 22 20 20 20 20 22 65 65 22 22 22 81 81 81 81 80 65 20 22 22 20 20 22 20 22 20 20 
22 22 20 20 22 20 22 20 22 22 20 65 89 22 22 22 80 80 22 80 80 20 20 22 22 20 22 20 22 20 22 20 
20 22 20 22 20 22 20 22 22 22 22 65 89 22 22 22 20 22 20 22 20 22 20 22 22 20 20 22 22 22 65 22 
20 20 20 20 65 65 65 65 22 22 20 65 89 22 22 65 65 22 65 22 22 89 89 20 20 20 22 22 22 65 65 20 
20 20 65 65 65 89 89 65 65 22 20 65 22 65 65 22 89 89 22 89 22 22 89 89 20 20 22 22 65 89 65 20 
22 65 65 89 22 22 22 89 65 22 22 22 22 22 89 89 22 89 22 89 22 65 22 89 65 65 65 65 22 89 65 20 
20 65 89 22 22 22 22 89 89 22 65 65 65 22 22 89 22 89 22 89 22 65 22 89 22 65 89 89 65 65 65 22 
65 65 89 22 22 22 22 89 89 65 22 22 65 65 22 65 22 65 22 65 22 65 22 65 22 65 65 65 65 65 22 22 
65 89 89 22 22 22 89 89 22 89 65 22 22 65 65 22 22 22 22 22 22 22 65 65 22 22 20 22 20 22 20 22 
65 89 89 89 89 89 89 22 22 65 89 22 22 89 65 22 65 89 65 89 65 65 22 22 22 20 22 20 22 20 20 20 
65 89 89 89 89 89 89 22 22 65 89 22 22 89 65 22 65 89 65 89 65 65 22 22 22 20 20 22 22 22 20 20 
65 89 89 22 22 22 89 89 22 89 65 22 22 65 65 22 22 22 22 22 22 22 65 65 22 22 22 22 22 22 22 20 
65 65 89 22 22 22 22 89 89 65 22 22 65 65 22 65 22 65 22 65 22 65 22 65 22 65 65 65 65 65 65 20 
22 65 89 22 22 22 22 89 89 22 65 65 65 22 22 89 22 89 22 89 22 65 22 89 22 65 89 89 89 65 65 65 
22 65 65 89 22 22 22 89 65 22 22 22 22 22 22 22 22 22 22 22 22 22 22 89 65 65 65 65 65 22 89 65 
20 20 65 65 65 89 89 65 65 22 22 65 22 22 56 56 56 56 56 56 56 22 22 89 20 20 20 20 20 65 89 65 
20 22 20 22 65 65 65 65 20 22 20 65 22 56 56 81 81 80 80 81 56 56 22 20 20 20 20 22 20 22 89 89 
20 20 22 20 22 20 20 20 20 20 65 89 20 56 81 81 81 80 80 81 81 56 56 20 22 20 22 20 22 20 65 65 
20 22 20 22 20 20 20 22 20 22 65 89 20 56 81 81 81 64 64 81 81 81 56 56 20 20 20 22 20 22 20 65 
22 20 22 22 20 20 22 20 22 22 65 65 20 56 80 80 64 31 64 64 80 80 80 56 22 20 20 20 20 20 20 20 
22 22 22 22 20 22 20 22 20 65 89 89 22 56 80 80 64 64 64 64 80 80 80 56 20 22 22 22 20 22 20 20 
20 20 22 22 20 20 22 22 22 65 89 89 22 56 81 81 81 64 64 81 81 81 56 56 22 22 22 22 22 20 22 20 
20 22 20 22 20 22 22 22 22 22 65 65 22 56 81 81 81 80 80 81 81 56 56 22 22 22 22 22 22 22 20 20 
20 22 22 20 20 20 22 22 22 22 20 20 22 56 56 81 81 80 80 81 56 56 20 20 22 20 22 20 22 20 22 20 
20 22 20 22 20 20 22 22 22 20 20 20 20 22 56 56 56 56 56 56 56 22 20 20 20 20 20 22 20 22 20 20 
20 20 22 20 22 20 20 20 20 20 22 22 20 20 20 20 22 20 22 22 22 22 20 20 22 20 20 20 20 20 20 20 
