32 32
20 22 20 22 20 20 20 20 20 22 22 22 22 20 20 20 20 20 20 20 20 20 20 20 20 20 20 20 20 20 20 22 
20 20 20 20 20 20 22 20 22 20 20 22 20 20 22 163 163 163 163 163 163 20 20 20 20 20 20 20 22 22 20 20 
20 22 20 22 20 22 20 22 20 22 20 20 20 163 163 163 64 64 64 64 163 163 20 22 20 20 20 22 22 22 22 22 
22 20 22 20 20 20 22 22 22 20 22 163 163 163 64 64 64 65 65 65 64 163 20 20 22 20 20 22 22 22 22 22 
20 22 20 22 20 22 22 22 22 22 163 163 64 64 64 163 163 163 64 64 163 163 20 22 20 22 20 20 20 20 20 22 
22 20 22 20 20 20 20 22 22 163 163 64 65 64 163 163 20 163 163 163 163 20 22 20 22 20 20 20 22 20 20 20 
20 22 22 20 20 22 20 20 163 163 64 65 64 163 163 22 20 20 20 22 20 20 20 22 22 20 20 22 20 22 20 20 
22 22 20 20 22 20 56 56 56 56 56 64 163 163 22 22 20 20 22 20 22 20 20 22 22 20 22 20 22 20 163 163 
20 22 20 22 20 56 56 56 163 64 64 64 163 163 22 22 20 22 20 22 20 22 20 22 22 20 20 22 22 163 64 163 
20 20 20 20 56 56 20 20 56 56 64 64 163 163 163 22 20 20 22 22 22 22 20 20 20 20 22 163 163 65 65 163 
20 20 20 56 56 20 163 137 137 20 56 56 64 163 163 163 163 137 163 137 163 137 20 20 163 163 163 163 163 64 65 163 
22 20 56 56 163 64 64 64 137 137 20 56 56 64 163 163 163 163 163 163 163 163 163 163 163 64 64 64 64 163 64 163 
20 22 56 163 64 20 20 65 64 137 137 137 137 64 64 64 163 64 163 64 163 64 64 64 65 65 65 64 64 64 163 163 
20 56 163 64 20 31 64 20 65 64 64 64 137 137 64 64 163 64 163 64 163 64 65 65 65 163 163 163 163 163 163 22 
20 56 56 65 20 64 64 20 64 137 137 137 64 137 64 163 64 163 64 163 64 64 163 163 163 163 163 22 20 22 20 22 
20 163 64 65 64 20 20 64 137 31 22 31 137 137 64 65 65 65 65 65 64 163 163 22 22 20 22 20 22 20 20 20 
20 56 64 65 64 20 20 64 137 31 22 31 137 137 64 64 64 64 64 64 64 163 163 22 22 20 20 22 22 22 20 20 
20 56 56 65 20 31 64 20 64 137 137 137 64 137 64 163 64 163 64 163 64 64 163 163 163 163 163 22 22 22 22 20 
22 56 163 64 20 64 64 20 65 64 64 64 137 137 64 64 163 64 163 64 163 64 65 65 65 163 163 163 163 163 163 20 
22 22 56 163 64 20 20 65 64 137 137 137 137 64 64 64 163 64 163 64 163 64 64 64 65 65 65 64 64 64 163 163 
22 20 56 56 163 64 64 64 137 137 20 56 56 64 163 163 163 163 163 163 163 163 163 163 163 64 64 64 64 163 65 163 
20 20 22 56 56 20 163 137 137 20 56 56 64 163 163 163 163 137 163 137 163 137 20 22 163 163 163 163 163 65 65 163 
20 22 20 22 56 56 20 20 56 56 64 64 163 163 163 22 20 22 22 22 22 22 20 20 20 20 20 163 163 64 64 163 
20 20 22 20 22 56 56 56 163 64 64 64 163 163 22 20 20 22 22 22 22 20 20 20 22 20 22 20 22 163 64 163 
20 22 20 22 20 20 56 56 56 56 56 64 163 163 20 20 20 22 20 22 20 22 20 22 20 20 20 22 20 22 163 163 
22 20 22 22 20 20 22 20 163 163 64 65 64 163 163 20 20 20 22 20 22 20 20 20 22 20 20 20 20 20 20 20 
22 22 22 22 20 22 20 22 20 163 163 64 64 64 163 163 20 163 163 163 163 20 20 22 20 22 22 22 20 22 20 20 
20 20 22 22 20 20 22 22 22 22 163 163 64 64 64 163 163 163 64 64 163 163 20 20 22 22 22 22 22 20 22 20 
20 22 20 22 20 22 22 22 22 22 22 163 163 163 64 64 64 65 65 65 64 163 20 22 22 22 22 22 22 22 20 20 
20 22 22 20 20 20 22 22 22 22 20 20 22 163 163 163 64 64 64 64 163 163 20 20 22 20 22 20 22 20 22 20 
20 22 20 22 20 20 22 22 22 20 20 20 20 22 20 163 163 163 163 163 163 22 20 20 20 20 20 22 20 22 20 20 
20 20 22 20 22 20 20 20 20 20 22 22 20 20 20 20 22 20 22 22 22 22 20 20 22 20 20 20 20 20 20 20 
