32 32
20 22 20 22 20 20 20 20 20 22 22 22 22 20 20 20 20 20 20 20 20 20 20 20 20 20 20 20 20 20 20 22 
20 20 20 20 20 20 22 20 22 20 20 22 20 20 22 20 20 20 22 20 22 20 20 20 20 20 20 20 22 22 20 20 
20 22 20 22 20 22 20 22 20 22 20 20 20 22 20 20 20 22 20 22 22 22 20 22 20 20 20 22 22 22 22 22 
22 20 22 20 20 20 22 22 22 20 22 20 22 20 22 20 20 20 22 22 22 22 20 20 22 20 20 22 22 22 22 22 
20 22 20 22 20 22 22 22 22 22 20 20 20 22 20 56 56 56 56 56 56 20 20 22 20 22 20 20 20 20 20 22 
22 20 22 20 20 20 20 22 22 22 22 20 22 56 56 56 22 22 22 22 56 56 56 20 22 20 20 20 22 20 20 20 
20 22 22 20 20 22 20 20 20 20 20 56 56 56 22 22 22 22 22 22 22 22 56 56 22 20 20 22 20 22 20 20 
22 22 20 20 22 20 22 20 22 22 56 56 22 22 22 56 56 56 22 22 22 22 22 56 56 20 22 20 22 20 22 20 
20 22 20 22 20 22 20 22 22 56 56 22 22 22 56 31 31 31 56 22 22 22 22 22 56 56 20 22 22 22 20 22 
20 20 20 20 22 20 22 22 56 56 22 22 22 56 31 31 31 31 31 56 22 22 22 22 22 56 22 22 22 22 22 20 
20 20 20 20 20 20 20 20 56 22 22 22 56 31 31 20 20 20 31 28 56 22 22 22 22 56 56 22 22 22 22 20 
22 20 22 20 20 20 20 56 56 22 22 22 56 31 31 20 31 20 31 28 56 22 22 22 22 22 56 22 22 22 20 20 
20 22 20 22 20 20 20 56 22 22 22 22 56 31 31 20 20 20 28 28 56 22 22 22 22 22 56 20 20 20 20 22 
20 20 22 20 20 20 22 56 22 22 22 22 22 56 31 31 31 28 28 56 22 22 22 22 22 22 56 20 22 20 22 22 
20 22 22 22 20 22 20 56 22 22 22 22 22 22 56 28 28 28 56 22 22 22 22 22 22 22 56 22 20 22 20 22 
20 20 22 22 20 20 22 56 22 22 22 22 22 22 56 56 56 56 56 22 22 22 22 22 22 22 56 20 22 20 20 20 
20 22 22 22 20 22 22 56 22 22 22 22 22 22 56 31 31 31 56 22 22 22 22 22 22 22 56 22 22 22 20 20 
20 20 22 20 20 22 22 56 22 22 22 22 22 56 31 31 31 31 31 56 22 22 22 22 22 22 56 22 22 22 22 20 
22 20 20 22 20 20 22 56 22 22 22 22 56 31 31 20 20 20 31 28 56 22 22 22 22 22 56 22 22 22 20 20 
22 22 20 20 20 20 20 56 56 22 22 22 56 31 31 20 31 20 31 28 56 22 22 22 22 22 56 20 22 20 22 22 
22 20 20 20 20 20 20 22 56 22 22 22 56 31 31 20 20 20 28 28 56 22 22 22 22 56 56 22 20 22 22 22 
20 20 22 20 22 20 22 20 56 56 22 22 22 56 31 31 31 28 28 56 22 22 22 22 22 56 20 20 20 20 20 22 
20 22 20 22 20 20 20 22 20 56 56 22 22 22 56 28 28 28 56 22 22 22 22 22 56 56 20 22 20 22 20 20 
20 20 22 20 22 20 20 20 20 20 56 56 22 22 22 56 56 56 22 22 22 22 22 56 56 20 22 20 22 20 22 20 
20 22 20 22 20 20 20 22 20 22 20 56 56 56 22 22 22 22 22 22 22 22 56 56 20 20 20 22 20 22 20 20 
22 20 22 22 20 20 22 20 22 20 22 20 20 56 56 56 22 22 22 22 56 56 56 20 22 20 20 20 20 20 20 20 
22 22 22 22 20 22 20 22 20 22 20 20 22 22 22 56 56 56 56 56 56 20 20 22 20 22 22 22 20 22 20 20 
20 20 22 22 20 20 22 22 22 22 22 20 22 22 22 20 20 20 22 20 22 20 20 20 22 22 22 22 22 20 22 20 
20 22 20 22 20 22 22 22 22 22 22 20 20 22 20 22 20 22 20 22 20 22 20 22 22 22 22 22 22 22 20 20 
20 22 22 20 20 20 22 22 22 22 20 20 22 20 22 20 20 20 22 20 22 20 20 20 22 20 22 20 22 20 22 20 
20 22 20 22 20 20 22 22 22 20 20 20 20 22 20 20 20 22 20 22 22 22 20 20 20 20 20 22 20 22 20 20 
20 20 22 20 22 20 20 20 20 20 22 22 20 20 20 20 22 20 22 22 22 22 20 20 22 20 20 20 20 20 20 20 
