32 32
20 22 20 22 20 20 20 20 20 22 22 22 22 20 20 20 20 20 20 20 20 20 20 20 20 20 20 20 20 20 20 22 
20 20 20 20 20 20 22 20 22 163 65 65 65 163 163 163 163 20 22 20 22 20 20 20 20 20 20 20 22 22 20 20 
20 22 20 22 20 22 20 22 163 163 89 89 65 22 22 22 163 163 20 22 22 22 20 22 20 20 20 22 22 22 22 22 
22 20 22 20 20 20 22 22 163 64 163 22 22 22 22 163 163 163 22 22 22 22 20 20 22 20 20 22 22 22 22 22 
20 22 20 22 20 22 22 22 163 163 64 163 163 163 163 163 64 163 22 22 22 20 20 22 20 22 20 20 20 20 20 22 
22 20 22 20 20 20 20 22 163 64 163 64 64 64 64 64 163 20 22 20 22 20 22 20 22 20 20 20 22 20 20 20 
20 22 22 20 20 22 20 20 163 163 64 163 163 163 163 163 163 20 20 22 20 20 20 22 22 20 20 163 163 22 20 20 
22 22 20 20 22 20 22 20 22 163 64 64 64 64 64 163 20 20 22 20 22 20 20 22 22 20 163 64 64 163 22 20 
20 22 20 22 20 22 20 22 163 163 163 163 64 64 64 163 20 22 20 22 20 22 20 22 22 163 64 64 64 163 20 22 
20 20 20 20 22 20 163 163 163 64 64 163 163 163 163 163 20 20 22 22 22 22 20 20 20 163 64 64 64 64 163 20 
20 20 20 20 163 163 64 64 64 163 64 64 64 64 163 163 20 22 22 22 22 22 20 20 163 64 64 64 64 64 163 20 
22 20 22 163 64 64 64 64 64 64 163 64 64 64 64 163 163 20 22 22 22 20 163 163 64 64 64 64 64 64 163 20 
20 22 163 64 64 64 20 20 20 20 64 163 64 64 64 64 163 163 163 163 163 163 64 64 64 64 64 64 64 64 163 22 
20 20 163 64 64 20 31 64 20 20 20 163 64 64 163 64 64 163 64 163 64 64 64 64 64 64 64 64 64 64 163 22 
20 22 163 64 20 20 64 64 20 20 20 20 163 64 163 64 64 163 163 64 163 64 64 64 64 64 64 64 64 64 163 22 
20 20 163 64 20 20 20 20 20 20 20 20 163 163 64 163 163 163 163 64 163 64 64 64 64 64 64 64 64 64 163 20 
20 22 163 64 20 20 20 20 20 20 20 20 163 163 64 163 163 163 163 64 163 64 64 64 64 64 64 64 64 64 163 20 
20 20 163 64 20 20 31 64 20 20 20 20 163 64 163 64 64 163 163 64 163 64 64 64 64 64 64 64 64 64 163 20 
22 20 163 64 64 20 64 64 20 20 20 163 64 64 163 64 64 163 64 163 64 64 64 64 64 64 64 64 64 64 163 20 
22 22 163 64 64 64 20 20 20 20 64 163 64 64 64 64 163 163 163 163 163 163 64 64 64 64 64 64 64 64 163 22 
22 20 20 163 64 64 64 64 64 64 163 64 64 64 64 163 163 22 22 22 22 22 163 163 64 64 64 64 64 64 163 22 
20 20 22 20 163 163 64 64 64 163 64 64 64 64 163 163 20 22 22 22 22 22 20 22 163 64 64 64 64 64 163 22 
20 22 20 22 20 20 163 163 163 64 64 163 163 163 163 163 20 22 22 22 22 22 20 20 20 163 64 64 64 64 163 20 
20 20 22 20 22 20 20 20 163 163 163 163 64 64 64 163 20 22 22 22 22 20 20 20 22 163 64 64 64 163 22 20 
20 22 20 22 20 20 20 22 20 163 64 64 64 64 64 163 20 22 20 22 20 22 20 22 20 20 163 64 64 163 20 20 
22 20 22 22 20 20 22 20 22 163 64 163 163 163 163 163 163 20 22 20 22 20 20 20 22 20 20 163 163 20 20 20 
22 22 22 22 20 22 20 22 163 163 163 64 64 64 64 64 163 20 20 20 20 20 20 22 20 22 22 22 20 22 20 20 
20 20 22 22 20 20 22 22 163 163 64 163 163 163 163 163 64 163 22 20 22 20 20 20 22 22 22 22 22 20 22 20 
20 22 20 22 20 22 22 22 163 64 163 22 22 22 22 163 163 163 20 22 20 22 20 22 22 22 22 22 22 22 20 20 
20 22 22 20 20 20 22 22 163 163 89 89 65 22 22 22 163 163 22 20 22 20 20 20 22 20 22 20 22 20 22 20 
20 22 20 22 20 20 22 22 22 163 65 65 65 163 163 163 163 22 20 22 22 22 20 20 20 20 20 22 20 22 20 20 
20 20 22 20 22 20 20 20 20 20 22 22 20 20 20 20 22 20 22 22 22 22 20 20 22 20 20 20 20 20 20 20 
