32 32
20 22 20 22 20 20 20 20 137 137 137 137 137 137 137 137 137 137 137 137 137 137 137 20 20 20 20 20 20 20 20 22 
20 20 20 20 20 20 22 137 137 163 163 163 163 163 163 163 163 163 163 163 163 163 137 137 20 20 20 20 22 22 20 20 
20 22 20 22 20 22 20 137 163 163 64 64 64 163 64 64 64 64 64 64 64 163 163 137 20 20 20 22 22 22 22 22 
22 20 22 20 20 20 22 137 163 64 64 64 163 163 64 64 163 163 64 64 64 64 163 137 22 20 20 22 22 22 22 22 
20 22 20 22 20 22 22 137 137 64 64 64 137 137 137 137 137 163 163 64 64 64 163 137 20 22 20 20 20 20 20 22 
22 20 22 20 137 137 137 137 137 137 137 137 137 163 163 163 137 137 163 64 64 163 163 137 137 137 137 137 22 20 20 20 
20 22 22 137 137 163 163 163 163 137 137 163 163 163 163 163 163 137 137 163 163 163 137 137 163 163 163 137 137 22 20 20 
22 22 20 137 163 163 64 64 64 64 137 137 137 163 163 64 163 163 137 137 137 137 137 163 163 163 163 163 137 20 22 20 
20 22 20 137 163 64 64 64 64 64 137 137 137 137 163 64 64 163 163 163 163 163 163 163 64 64 163 163 137 22 20 22 
20 20 20 137 163 64 64 64 64 163 137 137 137 137 163 64 64 64 64 163 64 64 163 163 64 64 64 163 137 22 22 20 
20 20 20 137 163 163 163 163 163 163 137 137 137 137 163 163 163 163 163 163 64 64 64 163 64 64 64 163 137 22 22 20 
22 20 22 137 163 64 163 163 163 64 137 137 137 137 163 137 137 137 137 163 163 64 64 163 163 64 64 163 137 22 20 20 
20 22 20 137 163 64 64 163 64 64 137 137 137 137 137 137 163 163 137 137 163 64 64 163 163 163 163 163 137 20 20 22 
20 20 22 137 163 64 64 163 64 64 137 137 137 137 137 163 64 163 163 137 163 64 64 163 64 64 163 163 137 20 22 22 
20 22 22 137 163 64 64 163 64 137 137 137 137 163 163 64 64 64 163 137 163 163 163 163 64 64 64 163 137 22 20 22 
20 20 22 137 163 163 64 163 64 64 64 64 64 64 64 64 64 64 163 137 163 64 163 64 64 64 64 163 137 20 20 20 
20 22 22 137 163 163 163 163 163 64 64 64 64 64 64 64 64 64 163 137 163 64 163 64 64 64 64 163 137 22 20 20 
20 20 22 137 163 64 64 64 163 137 137 137 137 163 163 64 64 64 163 137 163 64 163 163 64 64 163 163 137 22 22 20 
22 20 20 137 163 64 64 64 163 64 137 137 137 137 137 163 64 163 163 137 163 64 64 163 163 163 163 163 137 22 20 20 
22 22 20 137 163 163 64 64 163 64 137 137 137 137 137 137 163 163 137 137 163 64 64 64 163 64 163 163 137 20 22 22 
22 20 20 137 163 163 163 163 163 163 137 137 137 137 163 137 137 137 137 163 163 64 64 163 163 64 64 163 137 22 22 22 
20 20 22 137 163 163 64 64 64 163 137 137 137 137 163 163 163 163 163 163 163 163 163 163 64 64 64 163 137 20 20 22 
20 22 20 137 163 64 64 64 64 64 137 137 137 137 163 64 64 163 163 64 64 64 163 64 64 64 64 163 137 22 20 20 
20 20 22 137 163 64 64 64 64 64 137 137 137 137 163 64 64 64 163 163 163 163 163 163 64 64 163 163 137 20 22 20 
20 22 20 137 163 163 64 64 64 64 137 137 137 163 163 64 64 163 137 137 137 137 137 163 163 163 163 163 137 22 20 20 
22 20 22 137 137 163 163 163 163 137 137 163 163 163 163 163 163 137 137 163 163 163 137 137 163 163 163 137 137 20 20 20 
22 22 22 22 137 137 137 137 137 137 137 137 137 163 163 163 137 137 163 64 64 163 163 137 137 137 137 137 20 22 20 20 
20 20 22 22 20 20 22 137 137 64 64 64 137 137 137 137 137 163 163 64 64 64 163 137 22 22 22 22 22 20 22 20 
20 22 20 22 20 22 22 137 163 64 64 64 163 163 64 64 163 163 64 64 64 64 163 137 22 22 22 22 22 22 20 20 
20 22 22 20 20 20 22 137 163 163 64 64 64 163 64 64 64 64 64 64 64 163 163 137 22 20 22 20 22 20 22 20 
20 22 20 22 20 20 22 137 137 163 163 163 163 163 163 163 163 163 163 163 163 163 137 137 20 20 20 22 20 22 20 20 
20 20 22 20 22 20 20 20 137 137 137 137 137 137 137 137 137 137 137 137 137 137 137 20 22 20 20 20 20 20 20 20 
