32 32
20 22 20 22 20 20 20 20 20 22 22 22 22 20 20 20 20 20 20 20 20 20 20 20 20 20 20 20 20 20 20 22 
20 20 20 20 20 20 22 20 22 20 20 22 20 56 56 56 20 20 22 20 22 20 20 20 20 20 20 20 22 22 20 20 
20 22 20 22 20 22 20 22 20 22 20 20 56 96 96 96 56 56 20 22 22 22 20 22 20 20 20 22 22 22 22 22 
22 20 22 20 20 20 22 22 22 20 22 56 96 31 31 95 96 96 56 22 22 22 20 20 22 20 20 22 22 22 22 22 
20 22 20 22 20 22 22 22 22 22 20 56 96 31 95 95 95 95 96 56 22 20 20 22 20 22 20 20 20 20 20 22 
22 20 22 20 20 20 20 22 22 22 56 96 31 31 95 95 95 95 96 96 56 20 22 20 22 20 20 20 22 20 20 20 
20 22 22 20 20 22 20 20 20 20 56 96 31 95 95 96 96 95 96 96 56 20 20 22 22 20 20 22 56 56 56 20 
22 22 20 20 22 20 22 20 22 22 56 96 31 95 96 56 56 96 96 56 22 20 20 22 22 20 22 56 96 96 96 56 
20 22 20 22 20 22 20 22 22 22 56 96 95 96 56 22 20 56 56 22 20 22 20 22 22 20 56 96 31 31 96 56 
20 20 20 20 22 20 22 22 22 22 56 96 95 96 56 22 20 20 22 22 22 22 20 20 56 56 96 95 31 95 96 56 
20 20 20 20 20 20 20 20 20 20 56 96 95 96 96 56 20 22 22 22 56 56 56 56 96 96 95 95 95 95 96 56 
22 20 22 20 20 56 56 56 22 20 56 96 95 95 96 56 22 20 56 56 96 96 96 96 95 95 95 95 95 95 96 56 
20 22 20 56 56 96 96 96 56 56 96 95 95 95 96 96 56 56 96 96 95 95 95 95 95 95 95 95 95 96 96 56 
20 20 56 96 96 96 96 96 96 96 96 95 95 95 96 96 96 96 96 95 95 95 95 96 96 96 96 96 96 96 56 22 
20 56 96 96 96 31 64 96 95 95 95 95 95 95 96 31 31 31 95 95 95 96 96 96 56 56 56 56 56 56 20 22 
20 56 96 95 96 64 64 96 95 95 95 95 95 95 95 31 95 95 95 95 96 96 96 56 22 20 22 20 22 20 20 20 
20 56 96 95 95 96 96 95 95 95 96 95 95 95 95 95 95 95 95 96 96 96 96 56 22 20 20 22 22 22 20 20 
20 56 96 96 96 31 64 96 95 96 96 95 95 96 95 95 95 95 95 95 95 95 96 96 56 56 56 56 22 22 22 20 
22 20 56 96 96 64 64 96 96 96 96 95 95 96 96 96 95 95 95 95 95 95 95 96 96 96 96 96 56 56 20 20 
22 22 56 96 96 96 96 96 96 96 96 95 95 96 96 96 96 96 96 96 95 95 95 95 95 95 95 96 96 96 56 22 
22 20 20 56 96 96 96 56 56 96 96 95 95 95 96 96 56 56 56 56 96 96 96 96 96 95 95 95 95 96 96 56 
20 20 22 20 56 56 56 20 22 56 96 96 31 95 96 56 20 22 22 22 56 56 56 56 96 96 96 95 31 31 96 56 
20 22 20 22 20 20 20 22 20 22 56 96 31 95 96 56 20 22 22 22 22 22 20 20 56 56 96 96 95 31 96 56 
20 20 22 20 22 20 20 20 20 20 56 96 96 95 96 56 20 22 56 56 56 20 20 20 22 20 56 96 96 95 96 56 
20 22 20 22 20 20 20 22 20 22 20 56 96 95 96 96 56 56 96 96 96 56 20 22 20 20 20 56 96 96 96 56 
22 20 22 22 20 20 22 20 22 20 22 56 96 96 95 95 96 96 96 96 96 56 20 20 22 20 20 20 56 56 56 20 
22 22 22 22 20 22 20 22 20 22 20 20 56 96 95 95 95 95 96 56 56 20 20 22 20 22 22 22 20 22 20 20 
20 20 22 22 20 20 22 22 22 22 22 20 56 96 96 31 31 96 56 20 22 20 20 20 22 22 22 22 22 20 22 20 
20 22 20 22 20 22 22 22 22 22 22 20 20 56 96 96 96 56 20 22 20 22 20 22 22 22 22 22 22 22 20 20 
20 22 22 20 20 20 22 22 22 22 20 20 22 20 56 56 56 20 22 20 22 20 20 20 22 20 22 20 22 20 22 20 
20 22 20 22 20 20 22 22 22 20 20 20 20 22 20 20 20 22 20 22 22 22 20 20 20 20 20 22 20 22 20 20 
20 20 22 20 22 20 20 20 20 20 22 22 20 20 20 20 22 20 22 22 22 22 20 20 22 20 20 20 20 20 20 20 
