32 32
64 64 64 163 163 163 163 64 64 64 64 64 64 64 64 64 64 64 64 64 64 64 64 163 163 163 163 20 20 20 20 22 
64 64 64 64 64 64 64 163 163 163 163 64 64 64 64 64 64 64 64 64 64 64 64 64 64 64 163 163 22 22 20 20 
64 64 64 64 64 64 137 137 137 137 137 163 163 64 64 64 64 64 64 64 64 64 64 64 64 64 64 163 163 22 22 22 
64 64 64 64 64 137 137 28 28 28 137 137 163 163 163 64 64 64 64 64 64 64 64 64 64 64 64 64 163 163 22 22 
64 64 64 64 64 137 28 28 28 28 28 137 64 64 163 163 163 64 64 64 64 64 64 64 64 64 64 64 64 163 20 22 
64 64 64 64 64 137 28 28 31 31 28 137 137 64 64 64 163 163 163 64 64 64 64 64 64 64 64 64 64 163 163 20 
64 64 64 64 64 137 28 28 28 28 28 28 137 64 64 64 64 64 163 163 64 64 64 64 64 64 64 64 64 64 163 20 
64 64 64 64 64 137 28 28 28 20 20 28 137 64 64 64 64 64 64 163 64 64 64 64 64 64 64 64 64 64 163 20 
64 64 64 64 64 137 137 28 20 20 20 20 137 64 64 64 64 64 64 163 163 64 64 64 64 64 64 64 64 64 163 22 
64 64 64 64 64 64 137 28 20 20 20 20 137 64 64 64 64 64 64 64 163 64 64 64 64 64 64 64 64 64 163 20 
64 64 64 64 64 64 137 137 28 20 20 28 137 64 64 64 64 64 64 64 163 64 64 64 64 64 64 64 64 163 163 20 
64 64 64 64 64 64 64 137 137 28 28 28 137 64 64 64 64 64 64 64 163 64 64 64 64 64 64 64 64 163 20 20 
64 64 64 64 64 64 64 64 137 137 28 28 137 64 64 64 64 64 64 163 163 64 64 64 64 64 64 64 163 163 20 22 
64 64 64 64 64 64 64 64 64 137 137 28 137 64 64 64 64 64 163 163 64 64 64 64 64 64 64 163 163 20 22 22 
64 64 64 64 64 64 64 64 64 64 137 137 137 64 64 64 64 163 163 64 64 64 64 64 64 64 163 163 20 22 20 22 
64 64 64 64 64 64 64 64 64 64 137 137 137 64 64 64 64 64 64 64 64 64 64 64 64 163 163 20 22 20 20 20 
64 64 64 64 64 64 64 64 64 64 64 64 64 64 64 64 64 64 64 64 64 64 64 64 64 163 163 22 22 22 20 20 
64 64 64 64 64 64 64 64 64 64 64 64 64 64 64 64 64 64 64 64 64 64 64 64 64 64 163 163 22 22 22 20 
64 64 64 64 64 64 64 64 64 64 64 64 64 64 64 64 64 163 64 64 64 64 64 64 64 64 64 163 163 22 20 20 
64 64 64 64 64 64 64 64 64 64 137 137 137 64 64 64 64 163 163 64 64 64 64 64 64 64 64 64 163 163 22 22 
64 64 64 64 64 64 64 64 64 64 137 137 137 64 64 64 64 64 163 64 64 64 64 64 64 64 64 64 64 163 22 22 
64 64 64 64 64 64 64 64 64 137 137 28 137 64 64 64 64 64 163 163 64 64 64 64 64 64 64 64 64 163 163 22 
64 64 64 64 64 64 64 64 137 137 28 28 137 64 64 64 64 64 64 163 64 64 64 64 64 64 64 64 64 64 163 20 
64 64 64 64 64 64 64 137 137 28 28 28 137 64 64 64 64 64 64 163 64 64 64 64 64 64 64 64 64 64 163 20 
64 64 64 64 64 64 137 137 28 20 20 28 137 64 64 64 64 64 64 163 64 64 64 64 64 64 64 64 64 64 163 20 
64 64 64 64 64 64 137 28 20 20 20 20 137 64 64 64 64 64 64 163 64 64 64 64 64 64 64 64 64 64 163 20 
64 64 64 64 64 137 137 28 20 20 20 20 137 64 64 64 64 64 163 163 64 64 64 64 64 64 64 64 64 64 163 20 
64 64 64 64 64 137 28 28 28 20 20 28 137 64 64 64 64 163 163 64 64 64 64 64 64 64 64 64 64 64 163 20 
64 64 64 64 64 137 28 31 31 28 28 28 137 64 64 64 163 163 64 64 64 64 64 64 64 64 64 64 64 163 163 20 
64 64 64 64 64 137 28 28 28 28 28 137 137 64 163 163 163 64 64 64 64 64 64 64 64 64 64 64 64 163 22 20 
64 64 64 64 64 137 28 28 28 28 28 137 163 163 163 64 64 64 64 64 64 64 64 64 64 64 64 64 163 163 20 20 
64 64 64 64 64 137 137 28 28 28 137 137 163 64 64 64 64 64 64 64 64 64 64 64 64 64 64 163 163 20 20 20 
