32 32
20 22 20 22 20 20 20 20 20 22 22 22 22 20 20 20 20 20 20 20 20 20 20 20 20 20 20 20 20 20 20 22 
20 20 20 20 20 20 22 20 22 20 20 22 20 20 22 20 20 20 20 20 20 20 20 56 56 20 20 20 22 22 20 20 
20 22 20 22 20 22 20 22 20 22 20 20 20 20 20 20 20 20 20 56 56 56 56 20 20 56 20 20 22 22 22 22 
22 20 22 20 20 20 22 22 20 20 20 56 56 56 56 56 56 56 56 20 20 20 20 20 56 20 56 20 22 22 22 22 
20 22 20 22 20 22 22 20 20 56 56 20 20 20 20 20 20 20 20 20 20 20 56 56 20 20 56 20 20 20 20 22 
22 20 22 20 20 20 20 20 56 20 20 20 20 20 20 20 20 20 20 20 20 20 20 20 20 20 20 56 20 20 20 20 
20 22 22 20 20 22 20 56 20 20 80 80 20 20 20 20 20 20 20 20 20 20 20 20 20 20 20 56 20 20 20 20 
22 20 20 20 20 20 20 56 20 80 20 20 20 20 20 20 20 20 20 20 20 20 56 56 56 56 56 20 56 20 56 56 
20 20 56 56 56 56 56 20 20 80 20 20 20 20 20 20 20 20 20 56 56 56 20 20 20 20 20 20 56 56 20 56 
20 20 56 20 20 20 56 56 20 20 80 80 80 80 20 20 20 20 20 20 20 20 20 20 20 20 20 20 56 20 20 56 
20 20 20 20 20 20 20 56 56 20 20 20 20 20 80 20 20 20 20 20 20 20 20 56 56 56 56 56 20 20 20 56 
20 20 56 56 56 56 56 20 56 56 56 80 80 20 20 80 20 20 20 20 20 20 20 20 20 20 20 56 20 20 20 56 
20 56 56 56 81 81 80 56 56 56 56 20 56 80 20 80 20 20 20 20 20 20 20 20 20 20 20 56 20 20 20 56 
20 56 56 81 20 20 81 81 80 56 56 20 20 56 80 20 20 20 20 20 20 56 56 56 56 56 56 56 20 20 20 56 
56 56 56 81 81 20 81 81 81 80 56 56 56 56 80 20 56 56 56 56 56 20 20 20 20 20 20 20 20 56 56 56 
56 56 56 56 81 81 81 64 81 81 80 56 31 64 64 56 20 20 20 20 20 20 20 20 20 20 20 20 20 20 20 20 
56 56 56 56 56 81 81 64 81 81 80 56 64 64 64 56 20 20 20 20 20 20 20 20 20 20 20 20 20 20 20 20 
56 56 56 81 81 20 81 81 81 80 56 56 56 56 80 20 56 56 56 56 56 20 20 20 20 20 20 20 20 56 56 56 
20 56 56 81 20 20 81 81 80 56 56 20 20 56 80 20 20 20 20 20 20 56 56 56 56 56 56 56 20 20 20 56 
20 56 56 56 81 81 80 56 56 56 56 20 56 80 20 80 20 20 20 20 20 20 20 20 20 20 20 56 20 20 20 56 
20 20 56 56 56 56 56 20 56 56 56 80 80 20 20 80 20 20 56 56 20 20 20 20 20 20 20 56 20 20 20 56 
20 20 20 20 20 20 20 56 56 20 20 20 20 20 80 20 20 20 20 20 56 56 56 56 56 56 56 20 56 20 20 56 
20 20 56 20 20 20 56 56 20 20 80 80 80 80 20 20 20 20 20 20 20 20 20 20 20 20 20 20 56 20 20 56 
20 20 56 56 56 56 56 20 20 80 20 20 20 20 20 20 20 20 20 20 20 20 20 20 20 20 20 20 56 56 20 56 
20 20 20 20 20 20 20 56 20 80 20 20 20 20 20 20 20 20 20 20 20 20 20 20 56 56 56 20 56 20 56 56 
22 20 22 22 20 20 20 56 20 20 80 80 20 20 20 20 20 20 20 20 20 20 20 20 20 20 20 56 20 20 20 20 
22 22 22 22 20 22 20 20 56 20 20 20 20 20 20 20 20 20 20 20 20 20 56 56 56 56 20 56 20 22 20 20 
20 20 22 22 20 20 22 20 20 56 56 20 20 20 20 20 20 20 20 20 20 20 20 20 20 20 56 20 20 20 22 20 
20 22 20 22 20 22 22 22 20 20 20 56 56 56 56 56 56 56 56 20 20 20 20 20 20 20 56 20 22 22 20 20 
20 22 22 20 20 20 22 22 22 22 20 20 20 20 20 20 20 20 20 56 56 56 56 20 20 56 20 20 22 20 22 20 
20 22 20 22 20 20 22 22 22 20 20 20 20 22 20 20 20 22 20 20 20 20 20 56 56 20 20 22 20 22 20 20 
20 20 22 20 22 20 20 20 20 20 22 22 20 20 20 20 22 20 22 22 22 22 20 20 20 20 20 20 20 20 20 20 
