32 32
20 22 20 22 20 20 20 20 20 22 22 56 56 56 20 20 20 20 20 20 20 20 20 20 20 20 20 20 20 20 20 22 
20 20 20 20 20 56 56 20 22 20 56 20 56 20 56 20 20 20 22 20 22 20 20 20 20 20 20 20 22 22 20 20 
20 22 20 22 20 56 56 22 20 56 20 81 20 56 56 56 56 56 56 56 56 56 56 56 56 20 20 22 22 22 22 22 
22 20 22 20 56 80 80 56 22 56 20 20 20 56 20 56 64 64 64 20 20 20 20 20 56 56 20 22 22 22 22 22 
20 22 56 56 80 31 64 80 56 56 56 56 56 56 56 56 56 64 65 64 56 56 56 56 56 56 56 56 56 20 20 22 
22 20 56 56 80 64 64 80 80 80 80 80 80 80 80 80 64 65 65 64 80 80 80 80 80 80 80 80 80 80 80 20 
20 22 22 20 56 80 80 56 20 56 20 20 20 20 56 20 20 20 20 20 20 20 20 20 20 20 20 20 56 22 20 20 
22 22 20 20 22 56 56 20 22 56 20 20 20 20 56 20 56 56 56 20 20 20 20 20 20 20 20 20 56 20 22 20 
20 22 20 22 20 56 56 22 22 22 56 20 20 56 20 56 20 20 56 56 20 20 56 56 56 20 20 20 56 22 20 22 
20 20 20 20 22 20 22 22 22 22 56 56 20 56 20 56 20 20 20 56 56 56 56 20 56 56 20 20 56 56 22 20 
20 20 20 56 137 137 137 137 163 20 20 56 56 20 56 20 20 20 20 20 56 56 20 20 20 56 20 20 56 56 56 20 
22 20 137 56 163 137 137 163 163 163 163 20 56 20 56 20 20 20 81 81 20 56 20 20 56 56 22 56 56 20 56 20 
20 137 56 56 56 137 163 65 64 65 64 163 163 56 20 56 56 20 20 81 20 56 56 56 56 56 22 56 20 20 56 22 
137 137 163 56 64 56 163 65 64 64 65 64 163 56 20 20 20 56 20 20 20 56 20 20 56 56 20 56 20 20 56 22 
137 163 137 163 56 56 137 163 64 64 65 65 163 163 56 20 20 56 20 20 20 56 20 20 20 56 56 56 20 56 56 22 
137 137 163 56 31 64 56 65 65 65 65 65 64 163 56 20 20 56 56 56 56 20 20 20 20 56 22 22 56 56 20 20 
137 163 137 56 64 64 56 65 65 65 65 65 64 163 56 20 20 56 56 56 56 20 20 20 20 56 22 22 22 56 56 20 
137 137 163 137 56 56 163 65 64 64 65 65 163 163 56 20 20 56 20 20 20 56 20 20 20 56 56 56 56 20 56 56 
137 137 137 56 64 56 137 163 64 64 65 64 163 56 20 20 20 56 20 20 20 56 20 20 56 56 20 20 56 20 20 56 
22 137 56 56 56 137 137 137 64 65 64 163 163 56 20 56 56 20 20 20 20 56 56 56 56 56 20 20 56 81 20 56 
22 20 137 56 137 137 137 163 163 163 163 22 56 20 56 56 20 20 20 20 20 56 20 20 20 56 22 22 56 81 20 56 
20 20 22 56 137 137 137 137 163 20 22 22 56 56 56 56 20 20 20 20 56 20 20 81 20 20 56 22 56 20 20 56 
20 22 20 22 20 20 20 22 20 22 20 56 20 22 22 22 22 22 22 22 22 56 20 20 81 20 56 20 56 20 20 56 
20 20 22 20 22 20 20 20 20 20 20 56 22 22 56 56 56 56 56 56 22 22 56 20 20 56 20 20 56 56 20 56 
20 22 20 22 20 20 20 22 20 22 56 20 22 56 56 20 20 20 20 20 56 22 22 56 56 20 20 20 56 56 56 56 
22 20 22 22 20 20 22 20 22 20 56 20 22 56 20 56 56 20 56 56 20 56 22 22 20 20 20 20 56 20 20 20 
22 22 22 22 20 22 20 22 20 22 56 81 22 56 20 56 64 64 64 56 56 20 56 22 20 20 20 20 56 22 20 20 
20 20 22 22 20 20 22 22 22 22 56 81 22 56 20 20 64 31 64 20 20 20 56 22 20 20 20 56 56 20 22 20 
20 22 20 22 20 22 22 22 22 22 56 20 22 56 20 56 64 64 64 56 56 20 56 22 56 56 56 56 22 22 20 20 
20 22 22 20 20 20 22 22 22 22 56 56 22 56 20 56 56 20 56 56 20 56 20 20 22 20 22 20 22 20 22 20 
20 22 20 22 20 20 22 22 22 20 20 56 22 56 56 20 20 20 20 20 56 22 20 20 20 20 20 22 20 22 20 20 
20 20 22 20 22 20 20 20 20 20 22 22 22 22 56 56 56 56 56 56 22 22 20 20 22 20 20 20 20 20 20 20 
