32 32
20 22 20 22 20 20 20 20 20 22 22 22 22 20 20 20 20 20 20 20 20 20 20 20 20 20 20 20 20 20 20 22 
20 20 20 20 20 20 22 20 22 20 20 22 20 20 22 20 20 20 22 20 22 20 20 20 20 20 20 20 22 22 20 20 
20 22 20 22 20 22 20 22 20 22 20 20 20 22 20 20 20 22 20 22 22 22 20 22 20 20 20 22 22 22 22 22 
22 20 22 20 20 20 22 22 22 20 22 20 22 20 20 20 20 20 22 22 22 22 20 20 22 20 20 22 22 22 22 22 
20 22 20 22 20 22 22 22 22 22 20 20 20 20 22 22 22 20 20 22 22 20 20 22 20 22 20 20 20 20 20 22 
22 20 22 20 20 20 20 22 22 22 20 20 20 22 28 28 28 22 20 20 22 20 22 20 22 20 20 20 20 20 20 20 
20 22 22 20 20 22 20 20 20 20 20 137 22 28 22 22 22 22 20 20 20 20 20 22 20 20 20 22 22 22 22 20 
22 22 20 20 22 20 22 20 20 20 137 137 22 22 28 28 28 22 22 22 20 20 20 20 20 22 22 22 28 28 22 22 
20 22 20 22 20 20 20 20 137 137 137 137 22 28 31 31 28 22 28 28 22 20 20 20 22 22 28 28 28 28 28 22 
20 20 20 20 20 20 137 137 137 137 137 137 22 28 31 31 28 22 28 31 28 22 20 22 28 28 28 28 28 28 28 22 
20 20 20 20 56 137 137 137 137 137 137 137 137 22 28 31 28 22 28 31 28 22 22 28 28 64 28 31 31 28 28 22 
20 20 20 137 163 56 137 137 137 137 64 64 137 137 28 28 28 22 28 31 28 22 28 28 64 28 31 31 31 31 28 22 
20 20 137 163 137 56 137 137 137 64 65 65 64 137 22 28 22 22 22 28 28 22 28 64 28 31 31 31 31 31 28 22 
20 137 137 137 163 137 56 137 64 137 65 89 65 64 137 22 137 137 22 163 163 163 28 28 31 31 31 31 31 31 31 22 
20 137 137 163 137 137 56 56 65 137 89 89 65 64 137 20 20 22 163 65 89 65 163 28 28 31 31 31 31 31 31 22 
20 137 163 137 163 56 31 80 56 65 89 89 89 64 137 20 95 20 163 163 163 163 163 28 64 64 28 31 31 31 31 22 
20 137 137 163 137 56 80 80 56 65 89 89 89 64 137 22 95 20 163 163 163 163 163 28 64 64 28 31 31 31 31 22 
20 137 163 137 163 137 56 56 64 137 89 89 65 64 137 20 20 20 163 65 89 65 163 28 28 31 31 31 31 31 31 22 
20 137 137 163 137 163 56 163 65 137 65 89 65 64 137 22 137 137 22 163 163 163 28 28 31 31 31 31 31 31 31 22 
20 20 137 137 163 56 137 163 65 65 65 65 64 137 22 28 22 22 22 28 28 22 28 64 28 31 31 31 31 31 28 22 
20 20 20 137 137 56 137 137 137 64 64 64 137 137 28 28 28 22 28 31 28 22 28 28 64 28 31 31 31 31 28 22 
20 20 20 20 56 137 137 137 137 137 137 137 137 22 28 31 28 22 28 31 28 22 22 28 28 64 28 31 31 28 28 22 
20 22 20 20 20 20 137 137 137 137 137 137 22 28 31 31 28 22 28 31 28 22 20 22 28 28 28 28 28 28 28 22 
20 20 22 20 22 20 20 20 137 137 137 137 22 28 31 31 28 22 28 28 22 20 20 20 22 22 28 28 28 28 28 22 
20 22 20 22 20 20 20 20 20 20 137 137 22 22 28 28 28 22 22 22 20 20 20 20 20 22 22 22 28 28 22 22 
22 20 22 22 20 20 22 20 22 20 20 137 22 28 22 22 22 22 20 20 20 20 20 20 20 20 20 22 22 22 22 20 
22 22 22 22 20 22 20 22 20 22 20 20 20 22 28 28 28 22 20 20 20 20 20 22 20 22 20 20 20 20 20 20 
20 20 22 22 20 20 22 22 22 22 22 20 20 20 22 22 22 20 20 20 22 20 20 20 22 22 22 22 22 20 22 20 
20 22 20 22 20 22 22 22 22 22 22 20 20 20 20 20 20 20 20 22 20 22 20 22 22 22 22 22 22 22 20 20 
20 22 22 20 20 20 22 22 22 22 20 20 22 20 22 20 20 20 22 20 22 20 20 20 22 20 22 20 22 20 22 20 
20 22 20 22 20 20 22 22 22 20 20 20 20 22 20 20 20 22 20 22 22 22 20 20 20 20 20 22 20 22 20 20 
20 20 22 20 22 20 20 20 20 20 22 22 20 20 20 20 22 20 22 22 22 22 20 20 22 20 20 20 20 20 20 20 
