32 32
20 22 20 22 20 20 28 31 31 31 28 22 22 20 20 20 20 20 20 20 20 20 20 20 20 20 20 20 20 20 20 22 
20 20 20 20 20 20 22 20 28 31 31 31 31 28 22 20 20 20 22 20 22 20 20 20 20 20 20 20 22 22 20 20 
20 22 20 22 20 22 20 22 22 22 22 28 31 31 31 31 28 22 20 22 64 64 20 22 20 20 20 22 22 22 22 22 
22 20 22 20 20 20 22 22 22 20 22 22 22 22 28 31 31 31 31 81 64 65 163 20 22 20 20 22 22 22 22 22 
20 22 20 22 20 22 22 22 22 22 163 163 163 163 22 22 22 81 81 81 163 65 163 22 20 22 20 20 20 20 20 22 
22 20 22 20 20 20 20 22 22 22 163 64 64 64 163 163 163 22 22 163 65 65 64 20 22 20 20 20 22 20 20 20 
20 22 22 20 20 22 20 20 20 163 64 65 65 65 65 64 163 22 65 65 65 65 163 22 22 20 20 22 20 22 20 20 
22 22 20 20 22 20 22 20 22 163 64 65 65 65 64 22 22 22 163 163 22 163 163 22 163 20 22 20 22 163 163 163 
20 22 20 22 20 22 20 22 163 163 163 163 163 64 64 163 163 163 163 22 22 22 22 22 64 163 20 22 163 163 64 163 
20 20 20 20 137 137 137 137 163 64 64 64 163 163 64 163 64 64 64 163 22 163 64 64 65 64 163 22 163 64 64 163 
20 20 137 137 137 137 137 64 163 163 64 65 65 64 163 64 65 65 65 64 163 64 65 65 65 64 163 64 163 65 64 163 
22 137 137 137 137 64 65 65 64 64 163 64 64 64 163 64 64 65 65 65 64 163 64 64 65 163 64 64 163 65 64 163 
20 137 163 137 64 64 65 65 65 65 64 163 163 163 163 163 163 64 65 65 64 163 163 163 163 64 65 65 163 65 65 163 
137 137 163 163 137 64 137 137 65 65 65 64 163 64 163 64 64 163 64 65 64 163 64 65 64 163 65 65 163 65 65 163 
137 163 163 137 137 65 89 137 89 89 65 65 64 163 64 65 64 163 64 64 64 163 65 65 65 163 64 64 64 64 64 163 
137 163 163 137 64 64 65 89 89 89 89 65 64 163 64 65 64 163 163 163 163 64 65 65 65 163 163 163 163 163 163 20 
137 163 163 137 137 137 64 65 89 89 89 65 64 163 64 65 64 163 163 163 163 64 65 65 65 163 163 163 163 163 20 20 
137 163 163 163 137 64 65 137 89 89 89 65 64 163 64 65 64 163 64 64 64 163 64 65 64 163 64 163 64 163 163 20 
137 137 163 137 64 65 137 137 89 89 65 64 163 64 163 64 64 163 64 65 64 163 64 64 64 163 64 163 64 65 163 20 
22 137 163 137 137 64 65 89 89 65 64 163 163 163 163 163 163 64 65 65 64 163 163 163 163 64 65 163 64 65 163 22 
22 137 137 163 137 137 64 65 64 64 163 64 64 64 163 64 64 65 65 65 64 163 64 65 163 64 64 163 64 65 163 22 
20 20 137 137 137 137 137 64 163 163 64 65 65 64 163 64 65 65 65 64 163 163 64 65 64 163 20 163 163 163 163 22 
20 22 20 22 137 137 137 137 163 64 64 64 163 163 64 163 64 64 64 163 22 163 163 64 163 163 20 22 163 163 20 20 
20 20 22 20 22 20 20 20 163 163 163 163 163 64 64 163 163 163 163 22 22 22 22 22 22 20 22 20 22 20 22 20 
20 22 20 22 20 20 20 22 20 22 163 64 65 65 65 64 22 22 22 163 163 22 163 163 22 20 20 22 20 22 20 20 
22 20 22 22 20 20 22 20 22 20 163 64 65 65 65 65 64 163 22 65 65 65 65 163 22 20 20 20 20 20 20 20 
22 22 22 22 20 22 20 22 20 22 20 163 64 64 64 163 163 163 22 22 163 65 65 64 20 22 22 22 20 22 20 20 
20 20 22 22 20 20 22 22 22 22 22 163 163 163 163 22 22 22 81 81 81 163 65 163 22 22 22 22 22 20 22 20 
20 22 20 22 20 22 22 22 22 22 22 20 22 22 22 28 31 31 31 31 81 64 65 163 22 22 22 22 22 22 20 20 
20 22 22 20 20 20 22 22 22 22 22 22 28 31 31 31 31 28 22 20 22 64 64 20 22 20 22 20 22 20 22 20 
20 22 20 22 20 20 22 22 22 28 31 31 31 31 28 20 20 22 20 22 22 22 20 20 20 20 20 22 20 22 20 20 
20 20 22 20 22 20 20 28 31 31 31 28 20 20 20 20 22 20 22 22 22 22 20 20 22 20 20 20 20 20 20 20 
