32 32
20 22 20 22 20 20 20 20 20 22 22 22 22 20 20 20 20 20 20 20 20 20 20 20 20 20 20 20 20 20 20 22 
20 20 20 20 20 20 22 20 22 20 20 22 56 56 56 20 20 20 22 20 22 20 20 20 20 20 20 20 22 22 20 20 
20 22 20 22 20 22 20 22 20 22 20 56 56 80 56 56 20 22 20 22 22 56 56 56 20 20 20 22 22 22 22 22 
22 20 22 20 20 20 22 22 22 20 56 56 31 31 81 56 56 56 56 56 56 56 28 28 56 20 20 22 22 22 22 22 
20 22 20 22 20 22 22 22 22 22 56 80 31 31 81 56 56 28 31 31 28 56 28 31 56 22 20 20 20 20 20 22 
22 20 22 20 20 20 20 22 22 22 56 80 81 81 81 56 56 56 56 56 56 56 28 31 56 20 20 20 22 20 20 20 
20 22 22 20 20 22 20 20 20 20 56 80 81 81 80 56 56 56 20 22 20 56 56 56 22 20 20 22 20 22 20 20 
22 22 20 20 22 20 22 20 22 22 56 80 80 80 80 56 56 20 22 20 22 20 20 22 22 20 22 20 22 20 22 20 
20 22 20 22 20 22 20 22 22 22 56 56 80 80 56 56 56 22 20 22 20 22 56 56 22 20 20 22 22 22 20 22 
20 20 20 20 22 56 56 56 56 22 20 56 56 56 56 56 56 56 22 22 22 56 56 56 56 20 22 22 56 56 22 20 
20 20 20 56 56 56 28 28 56 56 22 22 56 56 56 80 80 56 56 22 56 56 81 80 56 20 22 56 56 56 56 20 
22 20 56 56 28 22 22 22 80 56 22 22 22 22 56 80 80 80 56 56 56 80 81 56 56 20 20 56 80 81 56 20 
20 22 56 28 22 22 22 22 28 28 22 28 28 22 56 56 56 80 80 80 56 56 56 56 56 56 56 56 80 81 56 22 
20 56 56 28 22 22 22 22 28 28 28 22 28 28 22 80 56 56 80 31 56 56 80 56 56 28 31 56 80 81 56 22 
20 56 28 31 22 22 22 28 28 22 31 28 22 28 28 22 80 56 80 81 56 80 81 80 56 28 28 56 80 56 56 22 
20 56 28 31 31 31 31 31 22 22 31 28 22 31 28 22 80 56 80 81 56 80 81 81 56 56 56 56 56 56 20 20 
20 56 28 31 31 31 31 31 22 22 31 28 22 31 28 22 80 56 80 81 56 80 81 81 56 56 56 56 56 56 56 20 
20 56 28 31 22 22 22 28 28 22 31 28 22 28 28 22 80 56 80 81 56 80 80 80 56 56 56 56 56 80 80 56 
22 56 56 28 22 22 22 22 28 28 28 22 28 28 22 80 56 56 80 81 56 56 80 56 56 28 31 31 56 31 81 56 
22 22 56 28 22 22 22 22 28 28 22 28 28 22 56 56 56 80 80 80 56 56 56 56 56 28 28 28 56 81 81 56 
22 20 56 56 28 22 22 22 28 56 22 22 22 22 56 80 80 80 56 56 56 80 80 81 56 56 56 56 56 81 80 56 
20 20 22 56 56 56 28 28 56 56 22 22 56 56 56 80 80 56 56 22 56 56 81 81 80 56 20 20 56 81 80 56 
20 22 20 22 20 56 56 56 56 22 20 22 56 56 56 56 56 56 22 22 22 56 56 81 56 56 20 22 56 80 80 56 
20 20 22 20 22 20 20 20 20 20 20 56 56 80 80 56 56 22 22 22 22 20 56 56 56 20 22 20 56 56 80 56 
20 22 20 22 20 20 20 22 20 22 20 56 80 80 80 80 56 22 20 22 20 22 20 22 20 20 20 22 20 56 56 56 
22 20 22 22 20 20 22 20 22 20 22 56 80 31 31 80 56 56 22 20 56 56 56 20 22 20 20 20 20 20 20 20 
22 22 22 22 20 22 20 22 20 22 20 56 80 31 31 81 56 56 56 56 56 28 28 56 20 22 22 22 20 22 20 20 
20 20 22 22 20 20 22 22 22 22 22 56 80 81 81 81 56 56 28 31 56 28 31 56 22 22 22 22 22 20 22 20 
20 22 20 22 20 22 22 22 22 22 22 56 56 80 80 80 56 56 56 56 56 28 31 56 22 22 22 22 22 22 20 20 
20 22 22 20 20 20 22 22 22 22 20 20 56 56 80 56 56 20 22 20 56 56 56 20 22 20 22 20 22 20 22 20 
20 22 20 22 20 20 22 22 22 20 20 20 20 56 56 56 20 22 20 22 22 22 20 20 20 20 20 22 20 22 20 20 
20 20 22 20 22 20 20 20 20 20 22 22 20 20 20 20 22 20 22 22 22 22 20 20 22 20 20 20 20 20 20 20 
