32 32
20 22 20 22 20 20 20 28 31 31 31 28 137 137 20 20 20 20 20 20 20 20 20 20 20 20 20 20 20 20 20 22 
20 20 20 20 20 20 22 20 22 28 31 31 31 31 28 137 137 137 22 20 22 20 20 20 20 20 20 20 22 22 20 20 
20 22 20 22 20 22 20 22 20 137 137 137 28 31 31 31 31 28 137 137 137 137 137 22 20 20 20 22 22 22 22 22 
22 20 22 20 20 20 22 22 22 163 64 64 137 137 137 28 31 31 31 31 81 137 64 163 22 20 20 22 22 22 22 22 
20 22 20 22 20 22 22 22 22 163 64 31 64 64 163 137 137 137 81 81 81 163 64 163 20 22 20 20 20 20 20 22 
22 20 22 20 20 20 20 22 22 163 64 64 64 64 163 64 163 64 137 137 163 64 64 137 22 20 20 20 22 20 20 20 
20 22 22 20 20 22 20 20 20 163 64 64 64 64 163 64 163 64 137 64 64 64 64 163 22 20 20 22 20 22 20 20 
22 22 20 20 22 20 22 20 22 163 64 64 64 64 163 64 163 163 137 163 163 137 163 163 22 20 22 20 22 20 22 20 
20 22 20 22 20 22 20 22 22 22 163 64 64 163 64 163 64 163 163 137 137 137 163 163 163 20 20 22 22 22 20 22 
20 20 20 20 22 20 163 163 163 163 163 64 64 163 64 163 64 64 64 163 137 163 163 64 163 163 22 22 163 163 22 20 
20 20 20 163 163 163 64 64 64 64 64 163 163 64 163 64 64 64 64 64 163 64 64 64 64 163 22 163 163 163 163 20 
22 20 163 163 64 163 64 64 64 64 64 163 64 64 163 64 64 31 64 64 64 163 64 64 163 64 64 163 64 64 163 20 
20 22 163 64 163 64 64 137 137 137 64 64 163 163 64 163 163 64 64 64 64 163 163 163 163 64 64 163 64 64 163 22 
20 163 64 64 163 64 64 64 64 64 64 64 163 64 64 64 64 163 64 64 64 163 64 64 64 163 64 163 64 64 163 22 
20 163 31 163 64 64 137 137 137 137 137 64 64 163 64 64 64 163 64 64 64 163 64 31 64 163 64 163 64 163 163 22 
163 64 64 163 64 64 64 64 64 64 64 64 64 163 163 64 64 163 163 163 163 64 64 64 64 163 163 163 163 163 20 20 
163 64 64 163 64 64 64 64 64 64 64 64 64 163 163 64 64 163 163 163 163 64 64 64 64 163 163 163 163 163 163 20 
20 163 64 163 64 64 137 137 137 137 137 64 64 163 64 64 64 163 64 64 64 163 64 64 64 163 64 64 163 64 64 163 
22 163 64 64 163 64 64 64 64 64 64 64 163 64 64 64 64 163 64 64 64 163 64 64 64 163 64 64 163 31 64 163 
22 22 163 64 163 64 64 137 137 137 64 64 163 163 64 163 163 64 64 64 64 163 163 163 163 64 64 64 163 64 64 163 
22 20 163 163 64 163 64 64 64 64 64 163 64 64 163 64 64 64 64 64 64 163 64 64 64 163 64 64 163 64 64 163 
20 20 22 163 163 163 64 64 64 64 64 163 163 137 137 137 137 137 137 137 137 163 64 64 64 64 163 64 163 64 64 163 
20 22 20 22 20 20 163 163 163 163 163 163 137 137 64 64 64 64 64 64 137 137 137 64 64 64 163 22 163 64 64 163 
20 20 22 20 22 20 20 20 20 163 64 64 137 64 64 64 64 64 64 64 64 64 137 137 163 163 22 20 163 163 64 163 
20 22 20 22 20 20 20 22 163 64 31 64 137 64 64 64 137 64 64 137 64 64 64 137 137 20 20 22 20 163 163 163 
22 20 22 22 20 20 22 20 163 64 64 64 137 64 64 137 137 64 64 137 137 64 64 64 137 20 20 20 20 20 20 20 
22 22 22 22 20 22 20 22 163 64 64 64 137 64 64 64 64 31 89 64 64 64 64 64 137 22 22 22 20 22 20 20 
20 20 22 22 20 20 22 22 163 64 64 64 137 64 64 64 64 89 89 64 64 64 64 64 137 22 22 22 22 20 22 20 
20 22 20 22 20 22 22 22 163 64 64 64 137 64 64 137 137 64 64 137 137 64 64 64 22 22 22 22 22 22 20 20 
20 22 22 20 20 20 22 22 22 163 64 163 137 64 64 64 137 64 64 137 64 64 64 20 22 20 22 20 22 20 22 20 
20 22 20 22 20 20 22 22 22 163 163 163 137 64 64 64 64 64 64 64 64 64 20 20 20 20 20 22 20 22 20 20 
20 20 22 20 22 20 20 20 20 20 22 22 137 137 64 64 64 64 64 64 22 22 20 20 22 20 20 20 20 20 20 20 
