32 32
64 64 64 64 64 64 64 64 64 64 64 64 22 22 64 64 64 64 64 64 64 163 163 163 64 64 64 64 64 64 64 64 
64 64 64 64 64 64 64 64 64 64 64 64 22 28 22 22 64 64 64 64 64 64 64 64 64 64 64 64 64 64 64 64 
64 64 64 64 64 64 64 64 64 64 64 64 64 22 28 28 22 22 64 64 64 64 64 64 64 64 64 64 64 64 64 64 
64 64 64 64 64 64 64 64 64 64 64 64 64 64 22 28 28 28 22 22 64 64 64 64 64 64 64 64 64 64 64 64 
64 64 64 64 64 64 64 64 64 64 64 64 64 64 64 22 28 28 28 28 22 22 64 64 64 64 64 64 163 163 163 163 
64 64 64 64 64 64 64 64 64 64 64 64 64 64 64 64 22 28 31 31 28 28 22 163 163 163 163 163 163 64 64 64 
64 64 64 64 64 64 64 64 64 64 64 64 64 64 64 64 64 22 28 31 31 31 28 22 64 64 163 64 64 64 64 64 
64 64 64 64 64 64 64 64 64 64 64 64 64 64 64 64 64 163 22 28 31 31 28 22 64 64 64 163 163 64 64 64 
64 64 64 64 64 64 64 64 64 64 64 64 64 64 64 64 163 163 163 22 28 28 22 64 64 64 64 64 163 163 64 64 
64 64 64 64 64 64 64 64 64 64 64 64 64 64 163 163 163 64 64 64 22 22 64 64 64 64 64 64 64 163 163 163 
64 64 64 64 64 64 64 163 163 163 163 163 163 163 163 64 64 64 64 64 64 64 64 64 64 64 64 64 64 64 163 80 
163 163 163 163 163 163 163 163 64 64 64 64 64 64 64 64 64 64 64 64 64 64 64 64 64 64 64 64 64 64 64 163 
64 64 64 64 64 64 64 64 64 64 64 64 64 64 64 64 64 64 64 64 64 64 64 64 64 64 64 64 64 64 64 64 
64 64 64 64 64 64 64 64 64 64 64 64 64 64 64 64 64 64 64 64 64 64 64 64 64 64 64 64 64 64 64 64 
64 64 64 64 64 64 64 64 64 64 64 64 64 64 64 64 64 64 64 64 64 64 64 64 64 64 64 64 64 64 64 64 
64 64 64 64 64 64 64 64 64 64 64 64 64 64 64 64 64 64 64 64 64 64 64 64 64 64 64 64 64 64 64 64 
64 64 64 64 64 64 64 64 64 64 64 64 64 64 64 64 64 64 64 64 64 64 64 64 64 64 64 64 64 64 64 64 
64 64 64 64 64 64 64 64 64 64 64 64 64 64 64 64 64 64 64 64 64 64 64 64 64 64 64 64 64 64 64 64 
64 64 64 64 64 64 64 64 64 64 64 64 64 64 64 64 64 64 64 64 64 64 64 64 64 64 64 64 64 64 64 64 
64 64 64 64 64 64 64 64 64 64 64 64 64 64 64 64 64 64 64 64 64 64 64 64 64 64 64 64 64 64 64 64 
64 64 64 64 64 64 64 64 64 64 64 64 64 64 64 64 64 64 64 64 64 64 64 64 64 64 64 64 64 64 64 64 
64 64 64 64 64 64 64 64 64 64 64 64 64 64 64 64 64 64 64 64 64 64 64 64 64 64 64 64 64 64 64 64 
163 163 163 163 163 163 163 163 64 64 64 64 64 64 64 64 64 64 64 64 64 64 64 64 64 64 64 64 64 64 64 163 
64 64 64 64 64 64 64 163 163 163 163 163 163 163 163 64 64 64 64 64 64 64 64 64 64 64 64 64 64 64 163 80 
64 64 64 64 64 64 64 64 64 64 64 64 64 64 163 163 163 64 64 64 22 22 64 64 64 64 64 64 64 163 163 163 
64 64 64 64 64 64 64 64 64 64 64 64 64 64 64 64 163 163 163 22 28 28 22 64 64 64 64 64 163 163 64 64 
64 64 64 64 64 64 64 64 64 64 64 64 64 64 64 64 64 163 22 28 31 31 28 22 64 64 64 163 163 64 64 64 
64 64 64 64 64 64 64 64 64 64 64 64 64 64 64 64 64 22 28 31 31 31 28 22 64 64 163 64 64 64 64 64 
64 64 64 64 64 64 64 64 64 64 64 64 64 64 64 64 22 28 31 31 28 28 22 163 163 163 163 163 163 64 64 64 
64 64 64 64 64 64 64 64 64 64 64 64 64 64 64 22 28 28 28 28 22 22 64 64 64 64 64 64 163 163 163 163 
64 64 64 64 64 64 64 64 64 64 64 64 64 64 22 28 28 28 22 22 64 64 64 64 64 64 64 64 64 64 64 64 
64 64 64 64 64 64 64 64 64 64 64 64 64 22 28 28 22 22 64 64 64 64 64 64 64 64 64 64 64 64 64 64 
