32 32
64 64 64 64 64 64 64 64 64 64 64 64 163 163 163 163 163 163 163 64 64 64 64 64 64 64 64 163 20 20 20 22 
64 64 64 64 64 64 64 64 64 64 64 163 163 20 22 20 20 20 163 163 64 64 64 64 64 64 64 64 22 22 20 20 
64 64 64 64 64 64 64 64 64 64 163 20 20 22 20 20 20 22 20 22 163 163 64 64 64 64 64 28 28 22 22 22 
64 64 64 64 64 64 64 64 64 163 22 20 22 20 22 20 20 20 22 22 22 22 163 163 163 64 28 28 28 28 22 22 
163 163 163 163 163 163 163 163 163 22 20 20 20 22 20 22 20 20 22 22 22 20 20 22 20 22 22 22 22 22 20 22 
64 64 64 64 64 64 163 163 22 22 22 20 22 20 22 20 20 20 22 20 22 20 22 20 22 20 20 20 22 20 20 20 
64 64 64 64 64 64 64 64 163 20 20 22 20 22 22 22 20 20 20 22 20 20 20 22 22 20 20 22 20 22 20 20 
64 64 64 64 64 64 64 64 64 163 20 20 22 22 22 22 20 20 22 20 22 20 20 22 22 20 22 20 22 20 22 20 
64 64 64 163 163 163 64 64 64 64 163 20 22 22 22 22 20 22 20 22 20 22 20 22 22 20 20 22 22 22 20 22 
163 163 64 64 64 64 163 163 64 64 64 163 163 22 22 22 20 20 22 22 22 22 20 20 20 20 22 22 22 22 22 20 
80 80 163 64 64 64 64 64 163 64 64 64 64 163 163 163 163 163 163 163 163 22 20 20 20 20 22 22 22 22 22 20 
80 81 80 163 64 64 64 64 64 163 64 64 64 64 64 64 64 64 64 64 64 163 163 20 22 20 20 22 22 22 20 20 
163 80 80 80 163 64 64 64 64 64 163 163 64 64 64 64 64 64 64 64 64 64 64 163 20 22 20 20 20 20 20 22 
64 163 80 80 163 64 64 64 64 64 64 64 163 163 163 163 163 163 163 64 64 64 64 64 163 20 20 20 22 20 22 22 
64 64 163 163 64 64 64 64 64 64 64 64 64 64 64 64 64 64 64 163 64 64 64 64 163 20 20 22 20 22 20 22 
64 64 163 64 64 64 64 64 64 64 64 64 64 64 64 64 64 64 64 64 64 64 64 64 64 163 22 20 22 20 20 20 
64 163 64 64 64 64 64 64 64 64 64 64 64 64 64 64 64 64 64 64 64 64 64 64 64 163 20 22 22 22 20 20 
64 163 64 64 64 64 64 64 64 64 64 64 64 64 64 64 64 64 64 64 64 64 64 64 64 163 22 22 22 22 22 20 
64 64 163 64 64 64 64 64 64 64 64 64 64 64 64 64 64 64 64 64 64 64 64 64 64 163 22 22 22 22 20 20 
64 64 163 163 64 64 64 64 64 64 64 64 64 64 64 64 64 64 64 163 64 64 64 64 163 20 22 20 22 20 22 22 
64 163 80 80 163 64 64 64 64 64 64 64 163 163 163 163 163 163 163 64 64 64 64 64 163 20 20 22 20 22 22 22 
163 80 80 80 163 64 64 64 64 64 163 163 64 64 64 64 64 64 64 64 64 64 64 163 20 20 20 20 20 20 20 22 
80 81 80 163 64 64 64 64 64 163 64 64 64 64 64 64 64 64 64 64 64 163 163 20 20 20 20 22 20 22 20 20 
80 80 163 64 64 64 64 64 163 64 64 64 64 163 163 163 163 163 163 163 163 20 20 20 22 20 22 20 22 20 22 20 
163 163 64 64 64 64 163 163 64 64 64 163 163 20 20 20 20 22 20 22 20 22 20 22 20 20 20 22 20 22 20 20 
64 64 64 163 163 163 64 64 64 64 163 20 20 22 22 20 20 20 22 20 22 20 20 20 22 20 20 20 20 20 20 20 
64 64 64 64 64 64 64 64 64 163 20 20 22 22 22 22 20 20 20 20 20 20 20 22 20 22 22 22 20 22 20 20 
64 64 64 64 64 64 64 64 163 22 22 20 22 22 22 20 20 20 22 20 22 20 20 20 22 22 22 22 22 20 22 20 
64 64 64 64 64 64 163 163 22 22 22 20 20 22 20 22 20 22 20 22 20 22 20 22 22 22 22 22 22 22 20 20 
163 163 163 163 163 163 163 163 22 22 20 20 22 20 22 20 20 20 22 20 22 20 20 20 22 22 22 22 22 20 22 20 
64 64 64 64 64 64 64 163 22 20 20 20 20 22 20 20 20 22 20 22 163 163 163 64 28 28 28 28 22 22 20 20 
64 64 64 64 64 64 64 64 163 20 22 22 20 20 20 20 22 20 163 163 64 64 64 64 64 28 28 22 20 20 20 20 
