32 32
64 64 64 64 64 64 64 64 64 163 163 22 22 20 20 20 163 163 64 64 64 64 64 64 64 64 22 20 20 20 20 22 
64 64 64 64 64 64 64 64 64 64 163 163 163 163 163 163 163 64 64 64 64 64 64 64 64 163 20 20 22 22 20 20 
64 64 64 64 64 64 64 64 64 64 64 64 163 163 163 64 64 64 64 64 64 64 163 163 163 20 20 22 22 22 22 22 
64 64 64 64 64 64 64 64 64 64 64 64 64 64 64 64 64 64 64 64 64 64 64 64 64 22 22 22 22 22 22 22 
64 64 64 64 64 64 64 64 64 64 64 64 64 64 64 64 64 64 64 64 64 64 64 64 64 28 28 22 22 20 20 22 
64 64 64 64 64 64 64 64 64 64 64 64 64 64 64 64 64 64 64 64 64 64 64 64 64 28 28 28 28 22 20 20 
64 64 64 64 64 64 64 64 64 64 64 64 64 64 64 64 64 64 64 64 64 64 64 64 64 28 28 28 28 22 20 20 
64 64 64 64 64 64 64 64 64 64 64 64 64 64 64 64 64 64 64 64 64 64 64 64 64 28 28 22 22 20 22 20 
64 64 64 64 64 64 64 64 64 64 64 64 64 64 64 64 64 64 64 64 64 64 64 64 64 22 22 22 22 22 20 22 
163 64 64 64 64 64 64 64 64 64 64 64 163 163 163 64 64 64 64 64 64 64 163 163 163 20 22 22 22 22 22 20 
20 163 163 64 64 64 64 64 64 64 163 163 163 163 163 163 163 64 64 64 64 64 64 64 64 163 22 22 22 22 22 20 
22 20 22 163 163 163 163 163 163 163 163 20 22 20 22 20 163 163 64 64 64 64 64 64 64 64 22 22 22 22 20 20 
20 22 20 22 20 20 20 22 20 22 20 22 20 20 20 22 20 20 163 163 64 64 64 64 64 28 28 22 20 20 20 22 
20 20 22 20 20 20 22 20 22 20 22 20 20 20 20 20 20 20 22 20 163 163 163 64 28 28 28 28 22 20 22 22 
20 22 22 22 20 22 20 22 22 22 20 20 20 22 20 20 20 22 20 22 20 22 20 163 22 22 22 22 20 22 20 22 
20 20 22 22 20 20 22 22 22 22 22 20 22 20 22 20 20 20 22 20 22 22 22 22 22 20 22 20 22 20 20 20 
20 22 22 22 20 22 22 22 22 22 22 20 20 22 20 22 20 20 20 20 22 22 22 22 22 20 20 22 22 22 20 20 
20 20 22 20 20 22 22 22 22 22 20 20 22 22 22 20 20 20 22 20 20 22 22 22 20 20 22 22 22 22 22 20 
22 20 20 22 20 20 22 22 22 20 20 20 22 22 22 22 20 22 20 22 20 20 20 20 20 20 22 22 22 22 20 20 
22 22 20 20 20 20 20 20 20 20 20 22 22 22 22 20 20 20 22 20 22 20 20 22 22 20 22 20 22 20 22 22 
22 20 20 20 20 20 20 22 20 22 22 22 22 22 20 22 20 22 22 22 22 22 20 22 22 20 20 22 20 22 22 22 
20 20 22 20 22 20 22 20 22 20 22 22 22 20 22 20 20 22 22 22 22 22 20 22 20 20 20 20 20 20 20 22 
20 22 20 22 20 20 20 22 20 22 20 22 20 22 20 22 20 22 22 22 22 22 20 20 20 20 20 22 20 22 20 20 
20 20 22 20 22 20 20 20 20 20 20 20 20 20 22 20 20 22 22 22 22 20 20 20 22 20 22 20 22 20 22 20 
163 163 22 22 22 22 22 22 22 22 20 20 20 20 20 20 20 22 20 22 20 22 20 22 20 20 20 22 20 22 20 20 
64 64 28 28 28 28 28 28 28 28 22 20 20 22 22 20 20 20 22 20 22 20 20 20 22 20 20 20 20 20 20 20 
64 64 28 28 28 28 28 28 22 22 20 20 22 22 22 22 20 20 20 20 20 20 20 22 20 22 22 22 20 22 20 20 
64 64 28 28 28 28 22 22 22 22 22 20 22 22 22 20 20 20 22 20 22 20 20 20 22 22 22 22 22 20 22 20 
64 64 64 22 22 22 22 22 22 22 22 20 20 22 20 22 20 22 20 22 20 22 20 22 22 22 22 22 22 22 20 20 
163 163 163 20 20 20 22 22 22 22 20 20 22 20 22 20 20 20 22 20 22 20 20 20 22 20 22 20 22 20 22 20 
20 22 20 22 20 20 22 22 22 20 20 20 20 22 20 20 20 22 20 22 22 22 20 20 20 20 20 22 20 22 20 20 
20 20 22 20 22 20 20 20 20 20 22 22 20 20 20 20 22 20 22 22 22 22 20 20 22 20 20 20 20 20 20 20 
