32 32
20 22 20 22 20 20 20 28 31 31 31 28 137 137 20 20 20 20 20 20 20 20 20 20 20 20 20 20 20 20 20 22 
20 20 20 20 20 20 22 20 22 28 31 31 31 31 28 137 137 137 22 20 22 20 20 20 20 20 20 20 22 22 20 20 
20 22 20 22 20 22 20 163 163 137 137 137 28 31 31 31 31 28 137 137 137 137 137 22 20 20 20 22 22 22 22 22 
22 20 22 20 20 20 22 163 65 65 65 163 137 137 137 28 31 31 31 31 81 137 65 163 22 20 20 22 22 22 22 22 
20 22 20 22 20 22 22 22 163 65 65 163 65 65 163 137 137 137 81 81 81 163 89 163 20 22 20 20 20 20 20 22 
22 20 22 20 20 20 20 22 22 163 163 163 89 65 163 65 163 65 137 137 163 89 65 137 22 20 20 20 22 20 20 20 
20 22 22 20 20 22 20 20 20 163 65 89 89 65 163 65 163 65 137 65 89 65 65 163 22 20 20 22 20 22 20 20 
22 163 20 20 22 20 22 20 22 163 65 65 65 65 163 65 163 163 137 163 163 137 163 163 22 20 22 20 22 20 22 20 
20 163 163 22 20 22 20 22 22 22 163 65 65 163 65 163 65 163 163 137 137 137 163 163 163 20 20 22 22 22 20 22 
20 163 163 163 22 20 163 163 163 163 163 65 65 163 65 163 65 65 65 163 137 163 163 65 163 163 22 22 163 163 22 20 
20 163 65 163 163 163 65 65 65 65 65 163 163 65 163 65 65 89 65 65 163 65 65 31 65 163 20 163 163 163 163 20 
22 163 65 65 65 163 65 89 89 89 65 163 65 65 163 65 89 31 89 65 65 163 65 89 163 65 65 163 31 89 163 20 
20 163 65 65 163 65 65 137 137 137 65 65 163 163 65 163 163 89 89 89 65 163 163 163 163 65 89 163 65 89 163 22 
20 163 65 89 163 65 89 89 89 89 89 65 163 65 65 65 65 163 89 89 65 163 65 65 65 163 89 163 65 89 163 22 
20 163 31 163 65 65 137 137 137 137 137 65 65 163 65 89 65 163 65 65 65 163 65 89 65 163 65 163 65 163 163 22 
163 89 89 163 65 65 65 65 65 65 65 65 65 163 163 89 65 163 163 163 163 65 89 89 89 163 163 163 163 163 20 20 
163 89 89 163 65 65 65 65 65 65 65 65 65 163 163 89 65 163 163 163 163 65 89 89 89 163 163 163 163 163 163 20 
20 163 89 163 65 65 137 137 137 137 137 65 65 163 65 89 65 163 65 65 65 163 89 89 89 163 65 65 163 65 65 163 
22 163 65 89 163 65 89 89 89 89 89 65 163 65 65 65 65 163 89 89 65 163 65 89 65 163 89 89 163 89 89 163 
22 163 65 65 163 65 65 137 137 137 65 65 163 163 65 163 163 89 89 89 65 163 163 163 163 65 89 89 163 89 89 163 
22 163 65 65 65 163 65 89 89 89 65 163 65 65 163 65 65 65 65 65 65 163 65 65 89 163 65 65 163 89 65 163 
20 163 65 163 163 163 65 65 65 65 65 163 163 65 137 137 137 137 137 137 137 137 65 65 89 65 163 65 163 89 65 163 
20 163 163 163 20 20 163 163 163 163 163 65 65 137 137 65 65 65 65 65 65 137 137 137 89 65 163 22 163 65 65 163 
20 163 163 20 22 20 20 20 20 20 163 65 65 137 65 65 89 89 89 89 89 65 65 137 137 163 22 20 163 163 65 163 
20 163 20 22 20 20 20 22 20 163 65 31 65 137 65 89 89 163 163 89 89 89 65 65 137 137 20 22 20 163 163 163 
22 20 22 22 20 20 22 20 22 163 65 89 65 137 65 89 89 163 163 89 89 89 89 65 65 137 20 20 20 20 20 20 
22 22 22 22 20 22 20 22 20 163 163 163 65 137 65 163 163 163 163 163 163 163 163 89 65 137 22 22 20 22 20 20 
20 20 22 22 20 20 22 22 163 65 65 163 65 137 65 163 163 163 163 163 163 163 163 89 65 137 22 22 22 20 22 20 
20 22 20 22 20 22 22 163 65 65 65 163 65 137 65 89 89 163 163 89 89 89 89 65 65 22 22 22 22 22 20 20 
20 22 22 20 20 20 22 163 163 163 163 163 65 137 65 89 89 163 163 89 89 89 65 65 22 20 22 20 22 20 22 20 
20 22 20 22 20 20 22 22 22 20 163 65 163 137 65 65 89 89 89 89 89 65 65 20 20 20 20 22 20 22 20 20 
20 20 22 20 22 20 20 20 20 20 22 163 163 137 137 65 65 65 65 65 65 22 20 20 22 20 20 20 20 20 20 20 
