32 32
20 22 20 22 20 20 20 20 20 22 22 56 56 56 56 20 20 20 20 20 20 20 20 20 20 20 20 20 20 20 20 22 
20 20 20 20 20 20 22 20 22 56 56 80 80 56 80 56 20 20 22 20 22 20 20 20 20 20 20 20 22 22 20 20 
20 22 20 22 20 22 20 22 56 80 81 81 81 80 56 80 56 22 20 22 22 22 20 22 20 20 20 22 22 22 22 22 
22 20 22 20 20 20 22 56 80 81 31 31 81 80 56 80 56 22 22 56 56 56 56 56 56 56 56 22 22 22 22 22 
20 22 20 22 20 22 22 56 81 31 31 81 81 80 56 80 56 22 80 80 80 80 80 80 80 80 56 56 20 20 20 22 
22 20 22 20 20 20 56 80 81 31 81 81 81 80 56 80 56 22 80 80 80 80 80 80 80 80 80 56 22 20 20 20 
20 22 22 20 20 22 56 81 81 31 81 81 81 80 56 80 56 22 80 56 56 56 56 56 56 56 56 56 56 22 20 20 
22 22 20 20 22 20 56 81 81 81 81 81 80 80 56 80 56 22 80 80 80 80 80 80 80 80 80 56 56 22 56 56 
20 22 20 22 20 22 56 81 81 81 81 81 80 80 56 80 56 22 80 80 80 80 80 80 80 80 80 80 56 56 80 56 
20 20 20 20 22 20 56 80 81 81 81 80 80 56 80 56 22 22 80 80 80 80 80 80 56 56 56 56 56 80 81 56 
20 20 20 56 56 56 56 80 80 80 80 80 80 56 80 56 22 80 80 80 80 80 80 80 80 80 80 56 56 81 81 56 
22 20 56 22 22 22 22 56 80 80 80 80 56 80 56 22 22 56 56 56 56 56 56 56 56 56 56 56 80 81 81 56 
20 56 22 22 28 28 28 22 56 56 56 56 56 56 22 22 22 22 22 22 22 22 22 22 22 22 22 22 56 80 80 56 
56 56 22 28 64 64 28 28 22 80 80 56 80 80 80 80 28 28 28 28 80 56 56 56 56 56 56 56 80 56 80 56 
56 80 22 31 64 64 28 31 28 22 80 56 80 28 28 80 80 28 28 80 80 56 80 80 80 80 80 56 56 80 56 56 
56 80 22 31 64 64 28 31 31 28 22 80 56 28 28 28 80 80 80 80 56 56 80 80 80 80 80 56 56 80 20 20 
56 80 22 31 64 64 28 31 31 28 22 80 56 28 28 28 80 80 80 80 56 56 80 80 80 80 56 56 56 80 20 20 
56 80 22 31 64 64 28 31 28 22 80 56 80 28 28 80 80 28 28 80 80 56 56 56 56 56 56 56 56 80 56 56 
56 56 22 28 64 64 28 28 22 80 80 56 80 80 80 80 28 28 28 28 80 56 56 56 56 56 56 56 80 56 80 56 
22 56 22 22 28 28 28 22 56 56 56 56 56 56 22 22 22 22 22 22 22 22 22 22 22 22 22 22 56 80 80 56 
22 20 56 22 22 22 22 56 80 81 81 80 56 80 56 22 22 56 56 56 56 56 56 56 56 56 56 56 80 81 81 56 
20 20 22 56 56 56 56 80 81 81 81 81 80 56 80 56 22 80 80 80 80 80 80 80 80 80 80 56 56 81 81 56 
20 22 20 22 20 20 56 81 81 31 31 81 81 56 80 56 22 22 80 80 80 80 56 56 56 56 56 56 56 80 81 56 
20 20 22 20 22 20 56 81 81 31 81 81 81 80 56 80 56 22 80 80 80 80 80 80 80 80 80 56 56 56 80 56 
20 22 20 22 20 20 56 81 81 81 81 81 81 80 56 80 56 22 80 80 80 80 80 80 80 80 80 80 56 22 56 56 
22 20 22 22 20 20 56 81 81 81 81 81 81 80 56 80 56 22 80 56 56 56 56 56 56 56 56 56 56 20 20 20 
22 22 22 22 20 22 56 80 81 81 81 81 81 80 56 80 56 22 80 80 80 80 80 80 80 80 80 56 20 22 20 20 
20 20 22 22 20 20 22 56 81 81 81 81 81 80 56 80 56 22 80 80 80 80 80 80 80 80 56 56 22 20 22 20 
20 22 20 22 20 22 22 56 80 80 81 81 80 80 56 80 56 22 22 56 56 56 56 56 56 56 56 22 22 22 20 20 
20 22 22 20 20 20 22 22 56 80 80 80 80 80 56 80 56 20 22 20 22 20 20 20 22 20 22 20 22 20 22 20 
20 22 20 22 20 20 22 22 22 56 56 80 80 56 80 56 20 22 20 22 22 22 20 20 20 20 20 22 20 22 20 20 
20 20 22 20 22 20 20 20 20 20 22 56 56 56 56 20 22 20 22 22 22 22 20 20 22 20 20 20 20 20 20 20 
