32 32
20 22 20 22 20 20 20 20 20 22 22 22 22 20 20 20 20 20 20 20 20 20 20 20 20 20 20 20 20 20 20 22 
20 20 20 20 20 20 22 20 22 20 20 22 163 163 163 163 163 163 163 163 163 163 163 20 20 20 20 20 22 22 20 20 
20 22 20 22 20 22 20 22 20 163 163 163 163 64 64 64 64 64 64 64 64 64 163 64 64 20 20 22 22 22 22 22 
22 20 22 20 20 20 22 163 163 163 64 64 64 64 64 64 64 64 64 64 64 163 163 163 22 20 20 22 22 22 22 22 
20 22 20 22 20 22 163 163 64 64 64 64 64 64 64 64 64 64 64 163 163 163 20 22 20 22 20 20 20 20 20 22 
22 20 22 20 20 163 163 64 64 64 64 64 64 64 64 64 64 64 163 163 22 20 22 20 22 20 20 20 22 20 20 20 
20 22 22 20 163 163 64 64 64 64 64 64 64 64 64 64 64 64 163 22 20 20 20 22 22 20 20 22 20 22 20 20 
22 22 20 31 163 163 163 163 163 163 64 64 64 64 64 64 64 64 163 20 22 20 20 22 22 20 22 20 22 20 22 20 
20 22 20 22 20 22 20 22 163 163 64 64 64 64 64 64 64 64 163 163 20 22 20 22 22 20 20 22 22 22 20 22 
20 20 20 20 22 20 22 22 22 163 163 64 64 64 64 64 64 64 64 163 163 22 20 20 20 20 22 22 22 22 22 20 
20 20 20 20 20 20 20 20 20 20 163 64 64 64 64 64 64 64 64 64 163 163 20 20 64 20 22 22 22 22 22 20 
22 20 22 20 20 20 163 163 22 20 163 163 64 64 64 64 64 64 64 163 163 20 20 20 163 20 20 22 22 22 20 20 
20 22 20 22 20 20 163 64 163 22 20 163 64 64 64 64 64 64 163 163 20 20 20 163 163 163 64 20 20 20 20 22 
20 20 22 20 20 20 163 64 64 163 31 80 163 64 163 163 163 64 163 20 22 163 163 163 163 20 20 20 22 20 22 22 
20 22 22 22 20 22 20 163 163 64 80 80 64 163 64 64 64 163 163 163 163 163 163 163 20 20 20 22 20 22 20 22 
20 20 22 22 20 20 22 22 163 64 64 64 64 64 163 64 64 64 64 64 64 64 163 22 22 20 22 20 22 20 20 20 
20 22 22 22 20 22 22 22 163 64 64 64 64 64 163 64 64 64 64 64 64 64 163 22 22 20 20 22 22 22 20 20 
20 20 22 20 20 22 22 163 163 64 31 80 64 163 64 64 64 163 163 163 163 163 163 163 20 20 22 22 22 22 22 20 
22 20 20 22 20 20 163 64 64 163 80 80 163 64 163 163 163 64 163 22 20 163 163 163 163 20 22 22 22 22 20 20 
22 22 20 20 20 20 163 64 163 20 20 163 64 64 64 64 64 64 163 163 22 20 20 163 163 163 64 20 22 20 22 22 
22 20 20 20 20 20 163 163 20 22 163 163 64 64 64 64 64 64 64 163 163 22 20 22 163 20 20 22 20 22 22 22 
20 20 22 20 22 20 22 20 22 20 163 64 64 64 64 64 64 64 64 64 163 163 20 22 64 20 20 20 20 20 20 22 
20 22 20 22 20 20 20 22 20 163 163 64 64 64 64 64 64 64 64 163 163 22 20 20 20 20 20 22 20 22 20 20 
20 20 22 20 22 20 20 20 163 163 64 64 64 64 64 64 64 64 163 163 22 20 20 20 22 20 22 20 22 20 22 20 
20 22 20 31 163 163 163 163 163 163 64 64 64 64 64 64 64 64 163 22 20 22 20 22 20 20 20 22 20 22 20 20 
22 20 22 22 163 163 64 64 64 64 64 64 64 64 64 64 64 64 163 20 22 20 20 20 22 20 20 20 20 20 20 20 
22 22 22 22 20 163 163 64 64 64 64 64 64 64 64 64 64 64 163 163 20 20 20 22 20 22 22 22 20 22 20 20 
20 20 22 22 20 20 163 163 64 64 64 64 64 64 64 64 64 64 64 163 163 163 20 20 22 22 22 22 22 20 22 20 
20 22 20 22 20 22 22 163 163 163 64 64 64 64 64 64 64 64 64 64 64 163 163 163 22 22 22 22 22 22 20 20 
20 22 22 20 20 20 22 22 22 163 163 163 163 64 64 64 64 64 64 64 64 64 163 64 64 20 22 20 22 20 22 20 
20 22 20 22 20 20 22 22 22 20 20 20 163 163 163 163 163 163 163 163 163 163 163 20 20 20 20 22 20 22 20 20 
20 20 22 20 22 20 20 20 20 20 22 22 20 20 20 20 22 20 22 22 22 22 20 20 22 20 20 20 20 20 20 20 
