32 32
20 22 20 22 20 20 20 20 20 22 22 22 22 20 20 20 20 20 20 20 20 20 20 20 20 20 20 20 20 20 20 22 
20 20 20 20 20 20 22 20 22 20 20 22 20 20 22 20 96 96 96 96 96 96 20 20 20 20 20 20 22 22 20 20 
20 22 20 22 20 22 20 22 20 22 20 20 20 22 96 96 96 96 96 96 96 96 96 96 20 20 20 22 22 22 22 22 
22 20 22 20 20 20 22 22 22 20 22 20 22 96 96 96 95 95 95 95 95 95 96 96 96 20 20 22 22 22 22 22 
20 22 20 22 20 22 22 22 22 22 20 20 96 96 95 95 95 95 95 95 95 95 95 96 96 96 20 20 20 20 20 22 
22 20 22 20 20 20 20 22 22 22 22 96 96 95 95 95 95 95 95 95 95 95 95 95 96 96 96 20 22 20 20 20 
20 22 22 20 20 22 20 20 20 20 20 96 95 95 95 95 95 95 95 95 95 95 95 95 95 96 96 22 20 22 20 20 
22 22 20 20 22 20 22 20 22 22 96 96 95 95 95 95 95 95 95 95 95 95 95 95 95 96 96 96 22 20 22 20 
20 22 20 22 20 22 20 22 22 22 96 95 95 95 95 95 95 95 95 95 95 95 95 95 95 95 96 96 22 22 20 22 
20 20 20 20 22 20 22 22 22 96 96 95 95 95 95 95 95 95 95 95 95 95 95 95 95 95 96 96 96 22 22 20 
20 20 20 20 56 20 20 20 20 96 95 95 95 95 95 95 95 95 95 95 95 95 95 95 95 95 96 96 96 22 22 20 
22 20 22 20 56 56 20 20 22 96 95 95 95 22 22 22 95 95 95 95 95 95 95 95 95 95 95 96 96 22 20 20 
20 22 20 22 20 56 56 22 96 96 95 95 22 31 31 31 22 95 95 95 95 95 95 95 95 95 95 96 96 96 20 22 
20 20 22 20 20 20 56 56 96 95 95 95 22 31 20 31 22 95 95 95 95 95 95 95 95 95 95 96 96 96 22 22 
20 22 22 22 20 56 80 56 96 95 95 95 22 31 31 31 22 95 64 64 95 95 95 95 95 95 95 96 96 96 20 22 
20 20 22 22 56 31 64 56 96 95 95 95 95 22 22 22 95 64 64 64 64 95 95 95 95 95 95 96 96 96 20 20 
20 22 22 22 56 64 64 56 96 95 95 95 95 22 22 22 95 64 64 64 64 95 95 95 95 95 95 96 96 96 20 20 
20 20 22 20 20 56 80 56 96 95 95 95 22 31 31 31 22 95 64 64 95 95 95 95 95 95 95 96 96 96 22 20 
22 20 20 22 20 20 56 56 96 95 95 95 22 31 20 31 22 95 95 95 95 95 95 95 95 95 95 96 96 96 20 20 
22 22 20 20 20 56 56 20 96 96 95 95 22 31 31 31 22 95 95 95 95 95 95 95 95 95 95 96 96 96 22 22 
22 20 20 20 56 56 20 22 20 96 95 95 95 22 22 22 95 95 95 95 95 95 95 95 95 95 95 96 96 22 22 22 
20 20 22 20 56 20 22 20 22 96 95 95 95 95 95 95 95 95 95 95 95 95 95 95 95 95 96 96 96 20 20 22 
20 22 20 22 20 20 20 22 20 96 96 95 95 95 95 95 95 95 95 95 95 95 95 95 95 95 96 96 96 22 20 20 
20 20 22 20 22 20 20 20 20 20 96 95 95 95 95 95 95 95 95 95 95 95 95 95 95 95 96 96 22 20 22 20 
20 22 20 22 20 20 20 22 20 22 96 96 95 95 95 95 95 95 95 95 95 95 95 95 95 96 96 96 20 22 20 20 
22 20 22 22 20 20 22 20 22 20 22 96 95 95 95 95 95 95 95 95 95 95 95 95 95 96 96 20 20 20 20 20 
22 22 22 22 20 22 20 22 20 22 20 96 96 95 95 95 95 95 95 95 95 95 95 95 96 96 96 22 20 22 20 20 
20 20 22 22 20 20 22 22 22 22 22 20 96 96 95 95 95 95 95 95 95 95 95 96 96 96 22 22 22 20 22 20 
20 22 20 22 20 22 22 22 22 22 22 20 20 96 96 96 95 95 95 95 95 95 96 96 96 22 22 22 22 22 20 20 
20 22 22 20 20 20 22 22 22 22 20 20 22 20 96 96 96 96 96 96 96 96 96 96 22 20 22 20 22 20 22 20 
20 22 20 22 20 20 22 22 22 20 20 20 20 22 20 20 96 96 96 96 96 96 20 20 20 20 20 22 20 22 20 20 
20 20 22 20 22 20 20 20 20 20 22 22 20 20 20 20 22 20 22 22 22 22 20 20 22 20 20 20 20 20 20 20 
