32 32
20 22 20 22 20 20 20 28 31 31 31 28 22 22 20 20 20 20 20 20 20 20 20 20 20 20 20 20 20 20 20 22 
20 20 20 20 20 20 22 20 22 28 31 31 31 31 28 22 22 22 22 20 22 20 20 20 20 20 20 20 22 22 20 20 
20 22 20 22 20 22 20 22 20 22 22 22 28 31 31 31 31 28 22 22 22 22 22 22 20 20 20 22 22 22 22 22 
22 20 22 20 20 20 22 22 22 56 20 20 22 22 22 28 31 31 31 31 81 22 20 56 22 20 20 22 22 22 22 22 
20 22 20 22 20 22 22 22 22 56 20 31 20 20 56 22 22 22 81 81 81 56 20 56 20 22 20 20 20 20 20 22 
22 20 22 20 20 20 20 22 22 56 20 20 20 20 56 20 56 20 22 22 56 20 20 22 22 20 20 20 22 20 20 20 
20 22 22 20 20 22 20 20 20 56 20 20 20 20 56 20 56 20 22 20 20 20 20 56 22 20 20 22 20 22 20 20 
22 22 20 20 22 20 22 20 22 56 20 20 20 20 56 20 56 56 22 56 56 22 56 56 22 20 22 20 22 20 22 20 
20 22 20 22 20 22 20 22 22 22 56 20 20 56 20 56 20 56 56 22 22 22 56 56 56 20 20 22 22 22 20 22 
20 20 20 20 22 20 22 22 22 22 56 20 20 56 20 56 20 20 20 56 22 56 56 20 56 56 22 22 56 56 22 20 
20 20 20 56 56 56 20 56 56 56 20 56 56 20 56 20 20 20 20 20 56 20 20 20 20 56 22 56 56 56 56 20 
22 20 56 56 20 56 56 56 20 56 56 20 20 20 56 20 20 31 20 20 20 56 20 20 56 22 22 56 20 20 56 20 
20 56 56 20 20 56 64 56 20 20 56 56 20 20 20 56 56 20 20 20 20 56 56 56 56 22 20 56 20 20 56 22 
56 56 20 20 20 56 64 56 20 20 20 56 56 20 56 20 20 56 20 20 20 56 20 20 20 56 20 56 20 20 56 22 
56 56 56 56 56 56 64 56 56 56 56 56 56 20 56 20 20 56 20 20 20 56 20 31 20 56 22 56 20 56 56 22 
20 56 20 20 20 64 31 64 20 20 20 56 20 20 56 20 20 56 56 56 56 20 20 20 20 56 56 56 56 56 20 20 
20 56 20 20 20 64 64 64 20 20 20 56 20 20 56 20 20 56 56 56 56 20 20 20 20 56 56 56 56 56 56 20 
56 56 56 56 56 56 64 56 56 56 56 56 56 20 56 20 20 56 20 20 20 56 20 20 20 56 22 22 56 20 20 56 
56 56 20 20 20 56 64 56 20 20 20 56 56 20 56 20 20 56 20 20 20 56 20 20 20 56 20 20 56 31 20 56 
22 56 56 20 20 56 64 56 20 20 56 56 20 20 20 56 56 20 20 20 20 56 56 56 56 22 20 20 56 20 20 56 
22 20 56 56 20 56 56 56 20 56 56 20 20 20 56 20 20 20 20 20 20 56 20 20 20 56 22 22 56 20 20 56 
20 20 22 56 56 56 22 56 56 56 20 56 56 22 22 22 22 22 22 22 22 56 20 20 20 20 56 22 56 20 20 56 
20 22 20 22 20 20 20 22 20 56 56 56 22 22 56 56 56 56 56 56 22 22 22 20 20 20 56 22 56 20 20 56 
20 20 22 20 22 20 20 20 20 56 20 20 22 56 56 20 20 20 20 20 56 56 22 22 56 56 22 20 56 56 20 56 
20 22 20 22 20 20 20 22 56 20 31 20 22 56 20 20 56 20 20 56 20 56 56 22 22 20 20 22 20 56 56 56 
22 20 22 22 20 20 22 20 56 20 20 20 22 56 20 56 56 80 80 56 56 20 56 56 22 20 20 20 20 20 20 20 
22 22 22 22 20 22 20 22 56 20 20 20 22 56 20 20 80 31 81 80 20 20 20 56 22 22 22 22 20 22 20 20 
20 20 22 22 20 20 22 22 56 20 20 20 22 56 20 20 80 81 81 80 20 20 20 56 22 22 22 22 22 20 22 20 
20 22 20 22 20 22 22 22 56 20 20 20 22 56 20 56 56 80 80 56 56 20 56 56 22 22 22 22 22 22 20 20 
20 22 22 20 20 20 22 22 22 56 20 56 22 56 20 20 56 20 20 56 20 56 56 20 22 20 22 20 22 20 22 20 
20 22 20 22 20 20 22 22 22 56 56 56 22 56 56 20 20 20 20 20 56 56 20 20 20 20 20 22 20 22 20 20 
20 20 22 20 22 20 20 20 20 20 22 22 22 22 56 56 56 56 56 56 22 22 20 20 22 20 20 20 20 20 20 20 
