32 32
22 22 22 22 22 22 22 22 22 22 22 22 22 22 22 22 22 22 22 22 22 22 22 22 22 22 22 22 22 22 22 22 
22 22 22 22 22 22 137 137 137 22 22 22 22 22 22 22 22 22 22 22 22 22 22 22 22 22 22 22 22 22 22 22 
22 22 22 22 22 137 64 64 64 137 22 22 22 22 22 22 22 22 22 22 22 22 22 22 22 22 22 22 22 22 22 22 
22 22 22 22 22 137 64 65 65 137 137 137 22 22 22 22 22 22 22 22 22 22 22 22 22 22 22 22 22 22 22 22 
22 22 22 22 22 22 137 65 89 137 64 64 137 22 22 22 22 22 22 22 22 22 22 22 22 22 22 22 22 22 22 22 
22 22 22 22 22 22 137 65 89 137 64 65 137 137 137 22 22 22 22 22 22 22 22 22 22 22 22 22 22 22 22 22 
22 22 22 22 22 22 137 65 89 137 64 65 137 163 163 137 22 22 22 22 22 22 22 22 22 22 22 22 22 22 22 22 
22 22 22 22 22 22 137 65 89 137 64 65 137 163 64 137 22 22 22 22 22 22 22 22 22 22 22 22 22 22 22 22 
22 22 22 22 22 22 137 65 89 137 64 65 137 163 64 137 22 22 22 22 22 22 22 22 22 22 22 22 22 22 22 22 
22 22 22 22 137 137 137 65 89 137 64 65 137 163 64 137 22 22 22 22 22 22 22 22 22 22 22 22 22 22 22 22 
22 22 22 137 89 64 137 65 65 137 64 64 137 163 64 137 137 137 137 137 22 22 22 22 22 22 22 22 22 22 22 22 
22 22 137 137 64 64 137 137 137 137 137 137 137 163 64 137 137 163 163 137 137 22 22 22 22 22 22 22 22 22 22 22 
22 137 89 64 137 137 137 64 64 64 64 137 137 163 163 137 163 163 163 163 137 22 22 22 22 22 22 22 22 22 22 22 
22 137 64 64 137 137 64 64 64 64 64 64 137 137 163 137 137 163 163 163 137 22 22 22 22 22 22 22 22 22 22 22 
22 22 137 137 137 64 64 31 31 64 64 64 64 137 137 137 137 137 137 137 137 137 137 137 137 137 137 137 137 137 22 22 
22 137 89 64 137 64 64 31 64 64 64 64 64 137 163 64 64 64 64 64 64 64 64 64 64 64 64 64 64 163 137 22 
22 137 64 64 137 64 64 64 64 64 64 64 64 137 163 163 64 64 64 64 64 64 64 64 64 64 64 64 163 163 137 22 
22 22 137 137 137 64 64 64 64 64 64 64 64 137 137 137 137 137 137 137 137 137 137 137 137 137 137 137 137 137 22 22 
22 137 89 64 137 137 64 64 64 64 64 64 137 137 163 137 137 163 163 163 137 22 22 22 22 22 22 22 22 22 22 22 
22 137 64 64 137 137 137 64 64 64 64 137 137 163 163 137 163 163 163 163 137 22 22 22 22 22 22 22 22 22 22 22 
22 22 137 137 89 64 137 137 137 137 137 137 137 163 64 137 137 163 163 137 137 22 22 22 22 22 22 22 22 22 22 22 
22 22 22 137 64 64 137 65 65 137 64 64 137 163 64 137 137 137 137 137 22 22 22 22 22 22 22 22 22 22 22 22 
22 22 22 22 137 137 137 65 89 137 64 65 137 163 64 137 22 22 22 22 22 22 22 22 22 22 22 22 22 22 22 22 
22 22 22 22 22 22 137 65 89 137 64 65 137 163 64 137 22 22 22 22 22 22 22 22 22 22 22 22 22 22 22 22 
22 22 22 22 22 22 137 65 89 137 64 65 137 163 64 137 22 22 22 22 22 22 22 22 22 22 22 22 22 22 22 22 
22 22 22 22 22 22 137 65 89 137 64 65 137 163 163 137 22 22 22 22 22 22 22 22 22 22 22 22 22 22 22 22 
22 22 22 22 22 22 137 65 89 137 64 65 137 137 137 22 22 22 22 22 22 22 22 22 22 22 22 22 22 22 22 22 
22 22 22 22 22 22 137 65 89 137 64 64 137 22 22 22 22 22 22 22 22 22 22 22 22 22 22 22 22 22 22 22 
22 22 22 22 22 137 64 65 65 137 137 137 22 22 22 22 22 22 22 22 22 22 22 22 22 22 22 22 22 22 22 22 
22 22 22 22 22 137 64 64 64 137 22 22 22 22 22 22 22 22 22 22 22 22 22 22 22 22 22 22 22 22 22 22 
22 22 22 22 22 22 137 137 137 22 22 22 22 22 22 22 22 22 22 22 22 22 22 22 22 22 22 22 22 22 22 22 
22 22 22 22 22 22 22 22 22 22 22 22 22 22 22 22 22 22 22 22 22 22 22 22 22 22 22 22 22 22 22 22 
