32 32
22 22 22 22 22 22 22 22 22 22 22 22 22 22 22 22 22 22 22 22 22 22 22 22 22 22 22 22 22 22 22 22 
22 22 22 22 22 22 22 22 22 22 22 22 22 22 22 22 22 22 22 22 22 22 22 22 22 22 22 22 22 22 22 22 
22 22 22 22 22 22 22 22 22 22 22 22 22 22 22 22 22 22 22 22 22 22 22 22 22 22 22 22 22 22 22 22 
22 22 22 22 22 22 22 22 22 22 64 64 22 22 64 64 22 22 22 22 22 22 22 22 22 22 22 22 22 22 22 22 
22 22 22 22 22 22 22 22 22 64 65 65 64 64 65 65 64 22 22 22 22 22 22 22 22 22 22 22 22 22 22 22 
22 22 22 22 22 22 22 22 64 65 65 89 65 65 89 65 65 64 22 22 22 22 22 22 22 22 22 22 22 22 22 22 
22 22 22 22 22 22 22 22 64 65 89 89 89 89 89 89 65 64 22 22 22 22 22 22 22 22 22 22 22 22 22 22 
22 22 22 22 22 22 22 22 22 64 65 65 89 89 65 65 64 22 22 22 22 22 22 22 22 22 22 22 22 22 22 22 
22 22 22 22 22 22 22 22 22 22 64 65 65 65 65 64 22 22 22 22 22 22 22 22 22 22 22 22 22 22 22 22 
22 22 22 22 22 22 22 22 22 22 64 65 64 64 65 64 22 22 22 22 22 22 22 22 22 22 22 22 22 22 22 22 
22 22 22 22 22 22 22 22 22 22 64 65 64 64 65 64 22 22 22 22 22 22 22 22 22 22 22 22 22 22 22 22 
22 22 22 64 64 22 22 22 22 22 64 65 64 64 65 64 22 22 22 22 22 22 22 22 22 22 22 64 64 22 22 22 
22 22 64 65 65 64 22 22 22 22 64 65 64 64 65 64 22 22 22 22 22 22 22 22 22 22 64 65 65 64 22 22 
22 64 65 65 89 65 64 64 64 64 64 65 64 64 65 64 64 64 64 64 64 64 64 64 64 64 65 89 65 65 64 22 
22 64 65 89 89 65 65 65 65 65 65 64 64 64 64 65 65 65 65 65 65 65 65 65 65 65 65 89 89 65 64 22 
22 22 64 65 89 89 65 64 64 64 64 64 31 64 64 64 64 64 64 64 64 64 64 64 64 65 89 89 65 64 22 22 
22 22 64 65 89 89 65 64 64 64 64 64 64 64 64 64 64 64 64 64 64 64 64 64 64 65 89 89 65 64 22 22 
22 64 65 89 89 65 65 65 65 65 65 64 64 64 64 65 65 65 65 65 65 65 65 65 65 65 65 89 89 65 64 22 
22 64 65 65 89 65 64 64 64 64 64 65 64 64 65 64 64 64 64 64 64 64 64 64 64 64 65 89 65 65 64 22 
22 22 64 65 65 64 22 22 22 22 64 65 64 64 65 64 22 22 22 22 22 22 22 22 22 22 64 65 65 64 22 22 
22 22 22 64 64 22 22 22 22 22 64 65 64 64 65 64 22 22 22 22 22 22 22 22 22 22 22 64 64 22 22 22 
22 22 22 22 22 22 22 22 22 22 64 65 64 64 65 64 22 22 22 22 22 22 22 22 22 22 22 22 22 22 22 22 
22 22 22 22 22 22 22 22 22 22 64 65 64 64 65 64 22 22 22 22 22 22 22 22 22 22 22 22 22 22 22 22 
22 22 22 22 22 22 22 22 22 22 64 65 65 65 65 64 22 22 22 22 22 22 22 22 22 22 22 22 22 22 22 22 
22 22 22 22 22 22 22 22 22 64 65 65 89 89 65 65 64 22 22 22 22 22 22 22 22 22 22 22 22 22 22 22 
22 22 22 22 22 22 22 22 64 65 89 89 89 89 89 89 65 64 22 22 22 22 22 22 22 22 22 22 22 22 22 22 
22 22 22 22 22 22 22 22 64 65 65 89 65 65 89 65 65 64 22 22 22 22 22 22 22 22 22 22 22 22 22 22 
22 22 22 22 22 22 22 22 22 64 65 65 64 64 65 65 64 22 22 22 22 22 22 22 22 22 22 22 22 22 22 22 
22 22 22 22 22 22 22 22 22 22 64 64 22 22 64 64 22 22 22 22 22 22 22 22 22 22 22 22 22 22 22 22 
22 22 22 22 22 22 22 22 22 22 22 22 22 22 22 22 22 22 22 22 22 22 22 22 22 22 22 22 22 22 22 22 
22 22 22 22 22 22 22 22 22 22 22 22 22 22 22 22 22 22 22 22 22 22 22 22 22 22 22 22 22 22 22 22 
22 22 22 22 22 22 22 22 22 22 22 22 22 22 22 22 22 22 22 22 22 22 22 22 22 22 22 22 22 22 22 22 
