32 32
22 22 22 22 22 22 22 22 22 22 22 22 22 22 22 22 22 22 22 22 22 22 22 22 22 22 22 22 22 22 22 22 
22 22 22 22 22 22 22 22 22 22 22 22 22 22 22 22 22 22 22 22 22 22 22 22 22 22 22 22 22 22 22 22 
22 22 22 22 22 22 22 22 22 22 22 22 22 22 56 56 56 56 56 22 22 22 22 22 22 22 22 22 22 22 22 22 
22 22 22 22 22 22 22 22 22 22 22 22 22 56 80 80 81 81 80 56 56 22 22 22 22 22 22 22 22 22 22 22 
22 22 22 22 22 22 22 22 22 22 22 22 56 80 80 81 56 56 81 81 80 56 22 22 22 22 22 22 22 22 22 22 
22 22 22 22 22 22 22 22 22 22 22 22 56 80 31 56 56 56 56 56 81 80 56 22 22 22 22 22 22 22 22 22 
22 22 22 22 22 22 22 22 22 22 22 22 56 80 81 56 20 20 20 56 56 81 80 56 22 22 22 22 22 22 22 22 
22 22 22 22 22 22 22 22 22 22 22 22 56 80 81 81 56 56 20 56 56 56 80 56 56 22 22 22 22 22 22 22 
22 22 22 22 22 22 22 22 22 22 22 22 22 56 80 81 81 56 56 80 80 80 80 80 80 56 56 22 22 22 22 22 
22 22 22 22 22 22 22 22 22 22 22 22 22 22 56 80 56 80 80 80 81 81 81 81 80 80 80 56 22 22 22 22 
22 22 22 22 22 22 22 22 22 22 22 22 22 22 22 56 80 80 81 81 81 81 81 81 81 81 81 80 56 22 22 22 
22 22 22 56 56 22 22 22 22 22 22 22 22 22 22 56 80 81 81 56 56 56 56 56 80 81 81 80 56 22 22 22 
22 22 56 80 80 56 22 22 22 22 22 22 22 22 56 80 80 81 81 81 56 56 56 80 81 81 81 81 80 56 22 22 
22 22 56 56 80 81 56 56 56 56 56 56 56 56 80 80 81 81 81 81 81 56 80 81 81 81 81 81 80 56 22 22 
22 22 56 56 56 81 81 80 80 80 80 80 80 80 80 81 81 81 81 81 81 56 80 81 81 81 81 81 80 56 22 22 
22 22 56 56 56 81 81 81 81 81 81 81 81 81 81 81 81 56 56 56 56 56 56 56 56 56 56 80 80 56 22 22 
22 22 56 56 56 80 81 81 81 81 81 81 81 81 81 81 81 56 56 56 56 56 56 56 56 56 56 80 80 56 22 22 
22 22 56 56 56 80 81 81 81 81 81 81 81 81 80 81 81 81 81 81 81 56 80 81 81 81 81 80 80 56 22 22 
22 22 56 56 80 80 56 56 56 56 56 56 56 56 80 80 81 81 81 81 81 56 80 81 81 81 81 81 80 56 22 22 
22 22 56 80 80 56 22 22 22 22 22 22 22 22 56 80 80 81 81 81 56 56 56 80 81 81 81 80 80 56 22 22 
22 22 22 56 56 22 22 22 22 22 22 22 22 22 22 56 80 81 81 56 56 56 56 56 80 81 80 80 56 22 22 22 
22 22 22 22 22 22 22 22 22 22 22 22 22 22 22 56 80 81 81 81 81 81 81 81 81 80 80 80 56 22 22 22 
22 22 22 22 22 22 22 22 22 22 22 22 22 22 56 80 56 80 80 80 81 81 81 80 80 80 80 56 22 22 22 22 
22 22 22 22 22 22 22 22 22 22 22 22 22 56 80 81 81 56 56 80 80 80 80 80 80 56 56 22 22 22 22 22 
22 22 22 22 22 22 22 22 22 22 22 22 56 80 81 81 56 56 20 56 56 56 80 56 56 22 22 22 22 22 22 22 
22 22 22 22 22 22 22 22 22 22 22 22 56 80 81 56 20 20 20 56 56 81 80 56 22 22 22 22 22 22 22 22 
22 22 22 22 22 22 22 22 22 22 22 22 56 80 81 56 56 56 56 56 81 80 56 22 22 22 22 22 22 22 22 22 
22 22 22 22 22 22 22 22 22 22 22 22 56 80 80 81 56 56 81 81 80 56 22 22 22 22 22 22 22 22 22 22 
22 22 22 22 22 22 22 22 22 22 22 22 22 56 80 80 81 81 80 56 56 22 22 22 22 22 22 22 22 22 22 22 
22 22 22 22 22 22 22 22 22 22 22 22 22 22 56 56 56 56 56 22 22 22 22 22 22 22 22 22 22 22 22 22 
22 22 22 22 22 22 22 22 22 22 22 22 22 22 22 22 22 22 22 22 22 22 22 22 22 22 22 22 22 22 22 22 
22 22 22 22 22 22 22 22 22 22 22 22 22 22 22 22 22 22 22 22 22 22 22 22 22 22 22 22 22 22 22 22 
