32 32
22 22 22 22 22 22 22 22 22 22 22 22 22 22 22 22 22 22 22 22 22 22 22 22 22 22 22 22 22 22 22 22 
22 22 22 22 22 22 22 22 22 22 22 22 22 22 22 22 22 22 22 22 22 22 22 22 22 22 22 22 22 22 22 22 
22 22 22 22 22 22 22 22 22 22 22 22 22 22 22 22 22 22 22 22 22 22 22 22 22 22 137 137 22 22 22 22 
22 22 22 22 22 22 22 22 22 22 22 22 22 22 22 22 22 22 22 22 22 22 22 22 22 137 163 137 137 22 22 22 
22 22 22 22 22 22 22 22 22 22 22 22 22 22 22 22 22 22 22 22 22 22 22 22 137 163 163 163 137 137 22 22 
22 22 22 22 22 22 22 22 22 22 22 22 22 22 22 22 22 22 22 22 22 22 22 22 137 137 64 163 163 137 22 22 
22 22 22 22 22 22 22 22 22 22 22 22 22 22 22 22 22 22 22 22 22 22 22 137 163 163 137 163 137 22 22 22 
22 22 22 22 22 22 22 22 22 22 22 22 22 22 22 22 22 22 22 22 22 22 137 163 163 163 137 137 22 22 22 22 
22 22 22 22 22 22 22 22 22 22 22 22 22 22 22 22 22 22 22 22 22 137 163 163 163 137 22 22 22 22 22 22 
22 22 22 31 22 22 22 22 22 22 22 22 22 22 22 22 22 22 22 137 137 163 163 163 137 22 22 22 22 22 22 22 
22 22 22 31 22 22 22 22 22 22 22 22 22 22 22 22 22 22 137 163 163 137 163 137 22 22 22 22 22 22 22 22 
22 22 22 31 22 22 22 22 22 22 22 22 22 22 22 22 22 137 163 64 64 163 137 22 22 22 22 22 22 22 22 22 
22 22 22 31 22 22 22 22 22 22 22 22 22 22 22 22 137 163 64 64 64 163 137 22 22 22 22 22 22 22 22 22 
22 22 22 31 22 22 22 22 22 22 22 22 22 22 22 137 163 64 64 64 163 137 22 22 22 22 22 22 22 22 22 22 
22 22 22 31 28 22 22 22 22 22 22 22 22 22 137 163 64 64 64 163 137 22 22 22 22 22 22 22 22 22 22 22 
22 22 22 28 28 22 22 22 22 22 22 22 22 137 163 64 64 64 163 137 22 22 22 22 22 22 22 22 22 22 22 22 
22 22 22 28 28 22 22 22 22 22 22 22 137 163 64 64 64 163 137 22 22 22 22 22 22 22 22 22 22 22 22 22 
22 22 22 28 28 28 22 22 22 22 22 137 137 64 64 64 163 137 22 22 22 22 22 22 22 22 22 22 22 22 22 22 
22 22 22 22 28 28 22 22 22 22 137 137 163 64 64 163 137 22 22 22 22 22 22 22 22 22 22 22 22 22 22 22 
22 22 22 22 28 28 28 22 22 137 137 163 163 163 137 137 22 22 22 22 22 22 22 22 22 22 22 22 22 22 22 22 
22 22 22 22 28 28 28 28 22 137 137 163 163 137 137 22 22 22 22 22 22 22 22 22 22 22 22 22 22 22 22 22 
22 22 22 22 22 28 28 28 28 22 137 137 137 137 22 22 22 22 22 22 22 22 22 22 22 22 22 22 22 22 22 22 
22 22 22 22 22 28 28 28 28 28 22 137 137 22 22 22 22 22 22 22 22 22 22 22 22 22 22 22 22 22 22 22 
22 22 22 22 22 22 28 28 28 28 28 22 22 22 22 22 22 22 22 22 22 22 22 22 22 22 22 22 22 22 22 22 
22 22 22 22 22 22 22 28 28 28 28 28 22 22 22 22 22 22 22 22 22 22 22 22 22 22 22 22 22 22 22 22 
22 22 22 22 22 22 22 22 28 28 28 28 28 22 22 22 22 22 22 22 22 22 22 22 22 22 22 22 22 22 22 22 
22 22 22 22 22 22 22 22 22 28 28 28 28 28 28 22 22 22 22 22 22 22 22 22 22 22 22 22 22 22 22 22 
22 22 22 22 22 22 22 22 22 22 22 28 28 28 28 28 28 28 22 22 22 22 22 22 22 22 22 22 22 22 22 22 
22 22 22 22 22 22 22 22 22 22 22 22 22 22 28 28 28 28 28 31 31 31 22 22 22 22 22 22 22 22 22 22 
22 22 22 22 22 22 22 22 22 22 22 22 22 22 22 22 22 22 22 22 22 22 22 22 22 22 22 22 22 22 22 22 
22 22 22 22 22 22 22 22 22 22 22 22 22 22 22 22 22 22 22 22 22 22 22 22 22 22 22 22 22 22 22 22 
22 22 22 22 22 22 22 22 22 22 22 22 22 22 22 22 22 22 22 22 22 22 22 22 22 22 22 22 22 22 22 22 
