32 32
22 22 22 22 22 22 22 22 22 22 22 22 22 22 22 22 22 22 22 22 22 22 22 22 22 22 22 22 22 22 22 22 
22 22 22 22 22 22 22 22 22 22 22 22 22 22 22 22 22 22 22 22 22 22 22 22 22 22 22 22 22 22 22 22 
22 22 22 22 22 22 22 22 22 22 22 22 22 22 22 22 22 22 22 22 22 22 22 22 22 22 22 22 22 22 22 22 
22 22 22 22 22 22 22 22 22 22 22 22 22 22 22 22 22 22 22 22 22 22 22 22 22 22 22 22 22 22 22 22 
22 22 22 22 22 22 22 22 22 22 22 22 22 22 22 22 22 22 22 22 22 22 22 22 22 22 22 22 22 22 22 22 
22 22 22 22 22 22 22 22 22 22 22 22 22 22 22 22 22 22 22 22 22 22 22 56 56 56 56 22 22 22 22 22 
22 22 22 22 22 22 22 22 22 22 22 22 22 56 56 56 56 56 56 22 22 56 56 80 80 80 56 22 22 22 22 22 
22 22 22 22 22 22 22 22 22 22 22 56 56 56 80 80 80 80 56 56 56 56 80 80 81 80 56 22 22 22 22 22 
22 22 22 22 22 22 22 22 22 22 56 56 80 80 80 80 80 80 80 80 56 56 56 80 80 80 56 22 22 22 22 22 
22 22 22 22 22 22 22 22 22 56 56 80 80 80 81 81 81 81 81 80 80 80 56 56 80 56 22 22 22 22 22 22 
22 22 22 22 22 22 22 22 56 56 80 80 31 31 31 31 81 81 81 81 81 80 80 56 56 56 22 22 22 22 22 22 
22 22 22 22 22 22 22 56 56 80 80 31 31 31 81 81 81 81 81 81 81 81 80 56 56 22 22 22 22 22 22 22 
22 22 22 22 22 22 22 56 80 80 31 31 31 81 81 81 81 81 81 81 81 81 80 80 56 22 22 22 22 22 22 22 
22 22 22 22 22 22 56 56 80 80 31 31 81 81 81 81 81 81 81 81 81 81 81 80 56 56 22 22 22 22 22 22 
22 22 22 22 22 22 56 80 80 81 31 81 81 81 81 81 81 81 81 81 81 81 81 80 80 56 22 22 22 22 22 22 
22 22 22 22 22 22 56 80 80 81 31 81 81 81 81 81 81 80 80 80 80 81 81 80 80 56 22 22 22 22 22 22 
22 22 22 22 22 22 56 80 80 81 81 81 81 81 81 81 80 80 80 80 80 80 80 80 80 56 22 22 22 22 22 22 
22 22 22 22 22 22 56 80 80 81 81 81 81 81 81 80 80 80 80 80 80 80 80 80 80 56 22 22 22 22 22 22 
22 22 22 22 22 22 56 56 80 80 81 81 81 81 81 80 80 80 80 80 80 80 80 80 56 56 22 22 22 22 22 22 
22 22 22 22 22 22 22 56 56 80 80 80 81 81 81 80 80 80 80 80 80 80 80 80 56 22 22 22 22 22 22 22 
22 22 22 22 22 22 22 56 56 56 56 80 80 81 81 80 80 80 80 80 80 80 80 56 56 22 22 22 22 22 22 22 
22 22 22 22 22 22 56 80 80 80 56 56 80 80 80 80 80 80 80 80 80 80 56 56 22 22 22 22 22 22 22 22 
22 22 22 22 22 22 56 80 81 81 80 56 80 80 80 80 80 80 80 80 80 56 56 22 22 22 22 22 22 22 22 22 
22 22 22 22 22 56 80 81 81 81 80 56 56 80 80 80 80 80 80 80 56 56 22 22 22 22 22 22 22 22 22 22 
22 22 22 22 22 56 80 81 81 80 80 56 56 56 80 80 80 80 56 56 56 22 22 22 22 22 22 22 22 22 22 22 
22 22 22 22 22 56 80 80 80 56 56 22 22 56 56 56 56 56 56 22 22 22 22 22 22 22 22 22 22 22 22 22 
22 22 22 22 22 56 56 56 56 22 22 22 22 22 22 22 22 22 22 22 22 22 22 22 22 22 22 22 22 22 22 22 
22 22 22 22 22 22 22 22 22 22 22 22 22 22 22 22 22 22 22 22 22 22 22 22 22 22 22 22 22 22 22 22 
22 22 22 22 22 22 22 22 22 22 22 22 22 22 22 22 22 22 22 22 22 22 22 22 22 22 22 22 22 22 22 22 
22 22 22 22 22 22 22 22 22 22 22 22 22 22 22 22 22 22 22 22 22 22 22 22 22 22 22 22 22 22 22 22 
22 22 22 22 22 22 22 22 22 22 22 22 22 22 22 22 22 22 22 22 22 22 22 22 22 22 22 22 22 22 22 22 
22 22 22 22 22 22 22 22 22 22 22 22 22 22 22 22 22 22 22 22 22 22 22 22 22 22 22 22 22 22 22 22 
