32 32
22 22 22 22 22 22 22 22 22 22 22 22 22 22 22 22 22 22 22 22 22 22 22 22 22 22 22 22 22 22 22 22 
22 22 22 22 22 22 22 22 22 22 22 22 22 22 22 31 28 22 22 22 22 22 22 22 22 22 22 22 22 22 22 22 
22 22 22 22 22 22 22 22 22 22 22 22 22 22 31 31 28 28 22 22 22 22 22 22 22 22 22 22 22 22 22 22 
22 22 22 22 22 22 22 22 22 22 22 22 22 22 22 31 28 22 22 22 22 22 22 22 22 22 22 22 22 22 22 22 
22 22 22 22 22 22 22 22 22 22 22 22 22 22 31 31 28 28 22 22 22 22 22 22 22 22 22 22 22 22 22 22 
22 22 22 22 22 22 22 22 22 22 22 22 22 22 22 31 28 22 22 22 22 22 22 22 22 22 22 22 22 22 22 22 
22 22 22 22 22 22 22 22 22 22 22 22 22 22 31 31 28 28 22 22 22 22 22 22 22 22 22 22 22 22 22 22 
22 22 22 22 22 22 22 28 28 28 28 22 22 22 22 31 28 22 22 22 22 28 28 28 28 22 22 22 22 22 22 22 
22 22 22 22 22 22 22 28 20 20 28 22 22 22 22 28 28 22 22 22 22 28 20 20 28 22 22 22 22 22 22 22 
22 22 22 22 22 22 22 28 20 28 28 28 22 22 28 31 31 28 22 22 28 28 28 20 28 22 22 22 22 22 22 22 
22 22 22 22 22 22 22 28 28 28 20 28 22 28 31 20 20 31 28 22 28 20 28 28 28 22 22 22 22 22 22 22 
22 22 22 22 22 22 22 22 22 28 28 28 28 31 20 20 20 20 31 28 28 28 28 22 22 22 22 22 22 22 22 22 
22 22 22 22 22 22 22 22 22 22 22 28 31 20 20 28 28 20 20 31 28 22 22 22 22 22 22 22 22 22 22 22 
22 22 22 22 22 22 22 22 22 22 28 31 20 20 28 31 31 28 20 20 31 28 22 22 22 22 22 22 22 22 22 22 
22 22 31 22 31 22 31 22 22 28 31 20 20 28 31 20 20 31 28 20 20 31 28 22 22 31 22 31 22 31 22 22 
22 31 31 31 31 31 31 31 28 31 20 20 28 31 20 20 20 20 31 28 20 20 31 28 31 31 31 31 31 31 31 22 
22 28 28 28 28 28 28 28 28 31 20 20 28 31 20 20 20 20 31 28 20 20 31 28 28 28 28 28 28 28 28 22 
22 22 28 22 28 22 28 22 22 28 31 20 20 28 31 20 20 31 28 20 20 31 28 22 22 28 22 28 22 28 22 22 
22 22 22 22 22 22 22 22 22 22 28 31 20 20 28 31 31 28 20 20 31 28 22 22 22 22 22 22 22 22 22 22 
22 22 22 22 22 22 22 22 22 22 22 28 31 20 20 28 28 20 20 31 28 22 22 22 22 22 22 22 22 22 22 22 
22 22 22 22 22 22 22 22 22 28 28 28 28 31 20 20 20 20 31 28 28 28 28 22 22 22 22 22 22 22 22 22 
22 22 22 22 22 22 22 28 28 28 20 28 22 28 31 20 20 31 28 22 28 20 28 28 28 22 22 22 22 22 22 22 
22 22 22 22 22 22 22 28 20 28 28 28 22 22 28 31 31 28 22 22 28 28 28 20 28 22 22 22 22 22 22 22 
22 22 22 22 22 22 22 28 20 20 28 22 22 22 22 28 28 22 22 22 22 28 20 20 28 22 22 22 22 22 22 22 
22 22 22 22 22 22 22 28 28 28 28 22 22 22 22 31 28 22 22 22 22 22 28 28 28 22 22 22 22 22 22 22 
22 22 22 22 22 22 22 22 22 22 22 22 22 22 31 31 28 28 22 22 22 22 22 22 22 22 22 22 22 22 22 22 
22 22 22 22 22 22 22 22 22 22 22 22 22 22 22 31 28 22 22 22 22 22 22 22 22 22 22 22 22 22 22 22 
22 22 22 22 22 22 22 22 22 22 22 22 22 22 31 31 28 28 22 22 22 22 22 22 22 22 22 22 22 22 22 22 
22 22 22 22 22 22 22 22 22 22 22 22 22 22 22 31 28 22 22 22 22 22 22 22 22 22 22 22 22 22 22 22 
22 22 22 22 22 22 22 22 22 22 22 22 22 22 31 31 28 28 22 22 22 22 22 22 22 22 22 22 22 22 22 22 
22 22 22 22 22 22 22 22 22 22 22 22 22 22 22 31 28 22 22 22 22 22 22 22 22 22 22 22 22 22 22 22 
22 22 22 22 22 22 22 22 22 22 22 22 22 22 22 22 22 22 22 22 22 22 22 22 22 22 22 22 22 22 22 22 
