32 32
22 22 22 22 22 22 22 22 22 22 22 22 22 22 22 22 22 22 22 22 22 22 22 22 22 22 22 22 22 22 22 22 
22 22 22 22 22 22 22 22 22 22 22 22 22 22 22 22 22 22 22 22 22 22 22 22 22 22 22 22 22 22 22 22 
22 22 22 22 22 22 22 22 22 22 22 22 22 22 22 22 22 22 22 22 22 22 22 22 22 22 137 137 22 22 22 22 
22 22 22 22 22 22 22 22 22 22 22 22 22 22 22 22 22 22 22 22 22 22 22 22 22 137 64 64 137 22 22 22 
22 22 22 22 22 22 22 22 22 22 22 22 22 22 22 22 22 22 22 22 22 22 22 22 137 64 64 64 64 137 22 22 
22 22 22 22 22 22 22 22 22 22 22 22 22 22 22 22 22 22 22 22 22 22 22 22 137 64 31 64 64 137 22 22 
22 22 22 22 22 22 22 22 22 22 22 22 22 22 22 22 22 22 22 22 22 22 22 137 65 137 64 64 137 22 22 22 
22 22 22 22 22 22 22 22 22 22 22 22 22 22 22 22 22 22 22 22 22 22 137 65 89 65 137 137 22 22 22 22 
22 22 22 22 22 22 22 22 22 22 22 22 22 22 22 22 22 22 22 22 22 137 65 89 65 137 22 22 22 22 22 22 
22 22 22 31 22 22 22 22 22 22 22 22 22 22 22 22 22 22 22 137 137 65 89 65 137 22 22 22 22 22 22 22 
22 22 22 31 22 22 22 22 22 22 22 22 22 22 22 22 22 22 137 163 163 137 65 137 22 22 22 22 22 22 22 22 
22 22 22 31 22 22 22 22 22 22 22 22 22 22 22 22 22 137 163 64 64 163 137 22 22 22 22 22 22 22 22 22 
22 22 22 31 22 22 22 22 22 22 22 22 22 22 22 22 137 163 64 64 64 163 137 22 22 22 22 22 22 22 22 22 
22 22 22 28 22 22 22 22 22 22 22 22 22 22 22 137 163 64 64 64 163 137 22 22 22 22 22 22 22 22 22 22 
22 22 22 28 28 22 22 22 22 22 22 22 22 22 137 163 64 64 64 163 137 22 22 22 22 22 22 22 22 22 22 22 
22 22 22 28 28 22 22 22 22 22 22 22 22 137 163 64 64 64 163 137 22 22 22 22 22 22 22 22 22 22 22 22 
22 22 22 28 28 22 22 22 22 22 22 22 137 163 64 64 64 163 137 22 22 22 22 22 22 22 22 22 22 22 22 22 
22 22 22 28 28 28 22 22 22 22 22 137 137 64 64 64 163 137 22 22 22 22 22 22 22 22 22 22 22 22 22 22 
22 22 22 22 28 28 22 22 22 22 137 137 163 64 64 163 137 22 22 22 22 22 22 22 22 22 22 22 22 22 22 22 
22 22 22 22 28 28 28 22 22 22 22 22 22 163 137 137 22 22 22 22 22 22 22 22 22 22 22 22 22 22 22 22 
22 22 22 22 28 28 28 28 28 28 28 28 22 137 137 22 22 22 22 22 22 22 22 22 22 22 22 22 22 22 22 22 
22 22 22 22 22 28 28 22 22 22 28 28 22 137 22 22 22 22 22 22 22 22 22 22 22 22 22 22 22 22 22 22 
22 22 22 22 22 28 22 64 64 64 22 28 22 22 22 22 22 22 22 22 22 22 22 22 22 22 22 22 22 22 22 22 
22 22 22 22 22 28 22 31 64 64 22 28 22 22 22 22 22 22 22 22 22 22 22 22 22 22 22 22 22 22 22 22 
22 22 22 22 22 28 22 31 31 64 22 28 22 22 22 22 22 22 22 22 22 22 22 22 22 22 22 22 22 22 22 22 
22 22 22 22 22 28 28 22 22 22 28 28 28 22 22 22 22 22 22 22 22 22 22 22 22 22 22 22 22 22 22 22 
22 22 22 22 22 28 28 28 28 28 28 28 28 28 28 22 22 22 22 22 22 22 22 22 22 22 22 22 22 22 22 22 
22 22 22 22 22 22 22 22 22 22 22 28 28 28 28 28 28 28 22 22 22 22 22 22 22 22 22 22 22 22 22 22 
22 22 22 22 22 22 22 22 22 22 22 22 22 22 28 28 28 28 28 31 31 31 31 22 22 22 22 22 22 22 22 22 
22 22 22 22 22 22 22 22 22 22 22 22 22 22 22 22 22 22 22 22 22 22 22 22 22 22 22 22 22 22 22 22 
22 22 22 22 22 22 22 22 22 22 22 22 22 22 22 22 22 22 22 22 22 22 22 22 22 22 22 22 22 22 22 22 
22 22 22 22 22 22 22 22 22 22 22 22 22 22 22 22 22 22 22 22 22 22 22 22 22 22 22 22 22 22 22 22 
