32 32
22 22 22 22 22 22 22 22 22 22 22 22 22 22 22 22 22 22 22 22 22 22 22 22 22 22 22 22 22 22 22 22 
22 22 22 22 22 22 22 22 22 22 22 22 22 22 22 22 22 22 22 22 22 22 22 22 22 22 22 22 22 22 22 22 
22 22 22 22 22 22 22 22 22 22 22 22 22 22 22 22 22 22 22 22 22 22 22 22 22 22 22 22 22 22 22 22 
22 22 22 22 22 22 22 22 22 22 22 22 22 163 163 163 163 163 163 163 22 22 22 22 22 22 22 22 22 22 22 22 
22 22 22 22 22 22 22 22 22 22 22 163 163 65 65 65 65 65 65 65 163 163 22 22 22 22 22 22 22 22 22 22 
22 22 22 22 22 22 22 22 22 163 163 65 65 64 64 64 64 64 64 64 65 65 163 163 22 22 22 22 22 22 22 22 
22 22 22 22 22 22 22 22 163 65 65 64 64 65 65 65 65 65 65 65 64 64 65 65 163 22 22 22 22 22 22 22 
22 22 22 22 22 22 22 163 65 64 64 65 65 89 89 89 89 89 89 89 65 65 64 64 65 163 22 22 22 22 22 22 
22 22 22 22 22 22 163 65 64 65 65 89 65 65 65 89 89 89 89 89 89 89 65 65 64 65 163 22 22 22 22 22 
22 22 22 22 22 22 163 65 64 65 89 65 64 64 64 65 89 89 89 89 89 89 89 65 64 65 163 22 22 22 22 22 
22 22 22 22 22 163 65 64 65 89 65 64 89 89 89 64 65 89 89 64 64 89 89 89 65 64 65 163 22 22 22 22 
22 22 22 22 22 163 65 64 65 65 64 89 89 89 89 89 64 65 64 65 65 64 89 89 65 64 65 163 22 22 22 22 
22 22 22 22 163 65 64 65 89 65 64 89 64 64 64 89 64 65 64 65 65 65 64 89 89 65 64 65 163 22 22 22 
22 22 22 22 163 65 64 65 89 65 64 89 64 89 64 89 64 65 64 65 89 89 65 64 89 65 64 65 163 22 22 22 
22 22 22 22 163 65 64 65 89 89 65 64 64 89 64 64 65 89 64 65 89 89 65 64 89 65 64 65 163 22 22 22 
22 22 22 22 163 65 64 65 89 89 65 65 64 64 64 65 65 89 64 65 89 89 65 64 89 65 64 65 163 22 22 22 
22 22 22 22 163 65 64 65 89 89 65 65 64 64 64 65 65 89 64 65 89 89 65 64 89 65 64 65 163 22 22 22 
22 22 22 22 163 65 64 65 89 89 65 64 64 89 64 64 65 89 64 65 89 89 65 64 89 65 64 65 163 22 22 22 
22 22 22 22 163 65 64 65 89 65 64 89 64 89 64 89 64 65 64 65 89 89 65 64 89 65 64 65 163 22 22 22 
22 22 22 22 163 65 64 65 89 65 64 89 64 64 64 89 64 65 64 65 65 65 64 89 89 65 64 65 163 22 22 22 
22 22 22 22 22 163 65 64 65 65 64 89 89 89 89 89 64 65 64 65 65 64 89 89 65 64 65 163 22 22 22 22 
22 22 22 22 22 163 65 64 65 89 65 64 89 89 89 64 65 89 89 64 64 89 89 89 65 64 65 163 22 22 22 22 
22 22 22 22 22 22 163 65 64 65 89 65 64 64 64 65 89 89 89 89 89 89 89 65 64 65 163 22 22 22 22 22 
22 22 22 22 22 22 163 65 64 65 65 89 65 65 65 89 89 89 89 89 89 89 65 65 64 65 163 22 22 22 22 22 
22 22 22 22 22 22 22 163 65 64 64 65 65 89 89 89 89 89 89 89 65 65 64 64 65 163 22 22 22 22 22 22 
22 22 22 22 22 22 22 22 163 65 65 64 64 65 65 65 65 65 65 65 64 64 65 65 163 22 22 22 22 22 22 22 
22 22 22 22 22 22 22 22 22 163 163 65 65 64 64 64 64 64 64 64 65 65 163 163 22 22 22 22 22 22 22 22 
22 22 22 22 22 22 22 22 22 22 22 163 163 65 65 65 65 65 65 65 163 163 22 22 22 22 22 22 22 22 22 22 
22 22 22 22 22 22 22 22 22 22 22 22 22 163 163 163 163 163 163 163 22 22 22 22 22 22 22 22 22 22 22 22 
22 22 22 22 22 22 22 22 22 22 22 22 22 22 22 22 22 22 22 22 22 22 22 22 22 22 22 22 22 22 22 22 
22 22 22 22 22 22 22 22 22 22 22 22 22 22 22 22 22 22 22 22 22 22 22 22 22 22 22 22 22 22 22 22 
22 22 22 22 22 22 22 22 22 22 22 22 22 22 22 22 22 22 22 22 22 22 22 22 22 22 22 22 22 22 22 22 
