32 32
20 22 20 22 20 20 20 20 20 22 22 56 56 56 20 20 20 20 20 20 20 20 20 20 20 20 20 20 20 20 20 22 
20 20 20 20 20 20 22 20 22 20 56 80 56 80 56 20 20 20 22 20 22 20 20 20 20 20 20 20 22 22 20 20 
20 22 20 22 20 22 20 22 20 56 80 80 81 56 80 56 28 28 28 28 28 64 64 22 20 20 20 22 22 22 22 22 
22 20 22 20 20 20 22 22 22 56 80 31 31 81 56 80 56 28 31 31 64 89 89 64 22 20 20 22 22 22 22 22 
20 22 20 22 20 22 22 22 22 56 81 31 81 81 56 80 56 28 31 31 64 89 89 64 20 22 20 20 20 20 20 22 
22 20 22 20 20 20 20 22 22 56 81 81 81 81 56 80 56 28 31 31 64 65 89 64 22 20 20 20 22 20 20 20 
20 22 22 20 20 22 20 20 20 56 81 81 81 81 56 80 56 28 31 28 28 64 64 22 22 20 20 22 20 22 20 20 
22 22 20 20 22 20 22 20 22 56 80 81 81 81 56 80 56 28 28 28 22 20 20 22 56 20 22 20 22 56 56 56 
20 22 20 22 20 22 20 22 22 22 56 81 81 56 80 56 80 56 56 22 20 22 56 56 80 56 20 22 56 56 80 56 
20 20 20 20 137 137 137 137 137 22 56 80 80 56 80 56 80 80 80 56 22 56 56 80 81 80 56 22 56 80 80 56 
20 20 137 137 137 163 137 137 163 163 20 56 56 80 56 80 80 81 81 80 56 56 80 81 81 80 56 28 56 81 80 56 
22 137 137 137 163 137 137 64 65 64 163 163 80 80 56 80 81 81 31 31 80 56 80 81 81 56 28 28 56 81 80 56 
20 137 163 163 137 137 64 65 89 89 65 64 163 56 80 56 56 81 81 31 81 56 56 56 56 28 31 56 56 81 81 56 
137 137 163 163 163 137 65 65 137 89 89 65 163 80 80 81 80 56 81 81 81 56 80 80 80 56 28 56 56 81 81 56 
137 163 163 163 137 163 137 65 137 89 89 89 64 163 80 80 81 56 81 81 80 56 80 81 81 56 28 28 28 80 80 56 
137 137 163 163 163 137 65 89 89 89 89 89 65 163 80 80 81 56 56 56 56 80 81 81 81 56 22 20 22 56 56 20 
137 163 137 163 137 65 65 89 89 89 89 89 65 163 80 80 80 56 56 56 56 80 81 81 81 56 20 22 22 56 56 20 
137 137 163 137 137 137 65 65 137 89 89 65 64 163 80 80 80 56 81 81 80 56 81 81 81 56 28 28 28 80 80 56 
137 137 137 163 137 137 137 65 137 65 65 65 163 80 80 80 80 56 81 81 81 56 80 81 80 56 31 31 56 31 81 56 
22 137 163 137 163 137 163 137 65 65 65 64 163 56 80 56 56 81 81 81 81 56 56 56 56 28 31 31 56 81 81 56 
22 137 137 163 137 137 137 64 65 64 163 163 80 80 56 56 80 81 81 81 80 56 80 80 81 56 28 28 56 81 80 56 
20 20 137 137 137 163 137 137 163 163 22 22 56 56 56 56 80 80 81 80 56 80 81 31 81 80 56 28 56 81 80 56 
20 22 20 22 137 137 137 137 137 22 56 80 80 56 80 56 80 80 80 56 22 56 56 80 56 80 56 22 56 80 80 56 
20 20 22 20 22 20 20 20 20 20 56 81 81 56 80 56 80 56 56 22 22 20 56 56 56 56 22 20 56 56 80 56 
20 22 20 22 20 20 20 22 20 56 80 81 81 81 56 80 56 28 28 28 20 22 20 22 20 20 20 22 20 56 56 56 
22 20 22 22 20 20 22 20 22 56 81 81 81 81 56 80 56 28 28 28 28 64 64 20 22 20 20 20 20 20 20 20 
22 22 22 22 20 22 20 22 20 56 81 81 81 81 56 80 56 28 28 64 64 65 89 64 20 22 22 22 20 22 20 20 
20 20 22 22 20 20 22 22 22 56 81 81 81 81 56 80 56 28 31 64 64 89 89 64 22 22 22 22 22 20 22 20 
20 22 20 22 20 22 22 22 22 56 80 80 81 81 56 80 56 28 31 64 64 89 89 64 22 22 22 22 22 22 20 20 
20 22 22 20 20 20 22 22 22 56 80 80 81 56 80 56 28 28 28 28 28 64 64 20 22 20 22 20 22 20 22 20 
20 22 20 22 20 20 22 22 22 20 56 80 56 80 56 20 20 22 20 22 22 22 20 20 20 20 20 22 20 22 20 20 
20 20 22 20 22 20 20 20 20 20 22 56 56 56 20 20 22 20 22 22 22 22 20 20 22 20 20 20 20 20 20 20 
