104 38
28 80 22 22 22 22 22 22 22 22 22 22 22 22 22 22 22 22 22 26 26 26 26 26 26 26 26 26 26 26 26 26 26 26 26 26 26 26 
28 22 22 22 22 22 22 22 22 22 22 22 22 22 22 22 22 22 22 26 22 22 22 22 22 22 22 22 22 22 22 22 22 22 22 22 22 30 
22 22 22 22 22 22 22 22 22 22 22 22 22 22 22 22 22 22 22 26 22 26 26 26 26 26 26 26 26 26 26 26 26 26 26 26 26 30 
22 22 22 22 22 22 22 22 22 22 22 22 22 22 22 22 22 22 22 26 22 26 26 26 26 26 26 26 26 26 26 26 26 26 26 26 26 30 
22 22 22 22 22 22 22 22 22 22 22 22 22 22 22 22 22 22 22 26 22 26 26 26 26 26 26 26 26 26 26 26 26 26 26 26 26 30 
22 22 22 22 22 22 22 22 22 22 22 22 22 22 22 22 22 22 22 26 22 26 26 26 26 26 26 26 26 26 26 26 26 26 26 26 26 30 
22 22 22 22 22 22 22 22 22 22 22 22 22 22 22 22 22 22 22 26 22 26 26 26 26 26 26 26 26 26 26 26 26 26 26 26 26 30 
22 22 22 22 22 22 22 22 22 22 22 22 22 22 22 22 22 22 22 26 22 26 26 26 26 26 26 26 26 26 26 26 26 26 26 26 26 30 
22 22 22 22 22 22 22 22 22 22 22 22 22 22 22 22 22 22 22 26 22 26 26 26 26 26 26 26 26 26 26 26 26 26 26 26 26 30 
22 22 22 22 22 22 22 22 22 22 22 22 22 22 22 22 22 22 22 26 22 26 26 26 26 26 26 26 26 26 26 26 26 26 26 26 26 30 
22 22 22 22 22 22 22 22 22 22 22 22 22 22 22 22 22 22 22 26 22 26 26 26 26 26 26 26 26 26 26 26 26 26 26 26 26 30 
22 22 22 22 22 22 22 22 22 22 22 22 22 22 22 22 22 22 22 26 22 26 26 26 26 26 26 26 26 26 26 26 26 26 26 26 26 30 
22 22 22 22 22 22 22 22 22 22 22 22 22 22 22 22 22 22 22 26 22 26 26 26 26 26 26 26 26 26 26 26 26 26 26 26 26 30 
22 22 22 22 22 22 22 81 81 22 22 22 22 81 22 22 22 22 22 26 22 26 26 26 26 26 26 26 26 26 26 26 26 26 26 26 26 30 
22 22 22 22 22 22 81 81 81 81 22 22 22 22 81 22 22 22 22 26 22 26 26 26 26 26 26 26 26 26 26 26 26 26 26 26 26 30 
22 22 22 22 22 81 81 81 22 22 81 22 22 22 22 81 22 22 22 26 22 26 26 26 26 26 26 26 26 26 26 26 26 26 26 26 26 30 
22 22 22 22 22 81 81 22 22 22 81 81 22 22 22 81 81 22 22 26 22 26 26 26 26 26 26 26 26 26 26 26 26 26 26 26 26 30 
22 22 22 22 22 81 81 22 22 22 81 81 22 22 22 81 81 22 22 26 22 26 26 26 26 26 26 26 26 26 26 26 26 26 26 26 26 30 
22 22 22 22 22 22 81 22 22 22 22 81 22 22 81 81 81 22 22 26 22 26 26 26 26 26 26 26 26 26 26 26 26 26 26 26 26 30 
22 22 22 22 22 22 22 81 22 22 22 22 81 81 81 81 22 22 22 26 22 26 26 26 26 26 26 26 26 26 26 26 26 26 26 26 26 30 
22 22 22 22 22 22 22 22 81 22 22 22 22 81 81 22 22 22 22 26 22 26 26 26 26 26 26 26 26 26 26 26 26 26 26 26 26 30 
22 22 22 22 22 81 81 81 81 81 81 81 81 81 81 81 22 22 22 26 22 26 26 26 26 26 26 26 26 26 26 26 26 26 26 26 26 30 
22 22 22 22 22 22 81 81 81 81 81 81 81 81 81 81 81 22 22 26 22 26 26 26 26 26 26 26 26 26 26 26 26 26 26 26 26 30 
22 22 22 22 22 22 22 22 22 22 81 81 22 22 22 22 22 22 22 26 22 26 26 26 26 26 26 26 26 26 26 26 26 26 26 26 26 30 
22 22 22 22 22 22 22 22 22 22 81 81 22 22 22 22 22 22 22 26 22 26 26 26 26 26 26 26 26 26 26 26 26 26 26 26 26 30 
22 22 22 22 22 22 22 22 22 22 81 81 22 22 22 22 22 22 22 26 22 26 26 26 26 26 26 26 26 26 26 26 26 26 26 26 26 30 
22 22 22 22 22 22 22 22 22 22 81 81 22 22 22 22 22 22 22 26 22 26 26 26 26 26 26 26 26 26 26 26 26 26 26 26 26 30 
22 22 22 22 22 81 81 81 81 81 81 81 81 81 81 81 22 22 22 26 22 26 26 26 26 26 26 26 26 26 26 26 26 26 26 26 26 30 
22 22 22 22 22 22 81 81 81 81 81 81 81 81 81 81 81 22 22 26 22 26 26 26 26 26 26 26 26 26 26 26 26 26 26 26 26 30 
22 22 22 22 22 22 22 22 22 22 22 22 22 22 22 22 22 22 22 26 22 26 26 26 26 26 26 26 26 26 26 26 26 26 26 26 26 30 
22 22 22 22 22 22 22 22 22 22 22 22 22 22 22 22 22 22 22 26 22 26 26 26 26 26 26 26 26 26 26 26 26 26 26 26 26 30 
22 22 22 22 22 81 22 22 22 22 22 22 22 22 22 81 22 22 22 26 22 26 26 26 26 26 26 26 26 26 26 26 26 26 26 26 26 30 
22 22 22 22 22 81 81 81 81 81 81 81 81 81 81 81 81 22 22 26 22 26 26 26 26 26 26 26 26 26 26 26 26 26 26 26 26 30 
22 22 22 22 22 81 81 81 81 81 81 81 81 81 81 81 81 22 22 26 22 26 26 26 26 26 26 26 26 26 26 26 26 26 26 26 26 30 
22 22 22 22 22 22 81 22 22 22 22 22 22 22 22 22 81 22 22 26 22 26 26 26 26 26 26 26 26 26 26 26 26 26 26 26 26 30 
22 22 22 22 22 22 22 22 22 22 22 22 22 22 22 22 22 22 22 26 22 26 26 26 26 26 26 26 26 26 26 26 26 26 26 26 26 30 
22 22 22 22 22 22 22 22 22 22 22 22 22 22 22 22 22 22 22 26 22 26 26 26 26 26 26 26 26 26 26 26 26 26 26 26 26 30 
22 22 22 22 22 81 81 81 81 81 81 81 81 81 81 81 22 22 22 26 22 26 26 26 26 26 26 26 26 26 26 26 26 26 26 26 26 30 
22 22 22 22 22 81 81 81 81 81 81 81 81 81 81 81 81 22 22 26 22 26 26 26 26 26 26 26 26 26 26 26 26 26 26 26 26 30 
22 22 22 22 22 81 81 22 22 22 81 81 22 22 22 81 81 22 22 26 22 26 26 26 26 26 26 26 26 26 26 26 26 26 26 26 26 30 
22 22 22 22 22 81 81 22 22 22 81 81 22 22 22 81 81 22 22 26 22 26 26 26 26 26 26 26 26 26 26 26 26 26 26 26 26 30 
22 22 22 22 22 81 81 22 22 22 81 81 22 22 22 81 81 22 22 26 22 26 26 26 26 26 26 26 26 26 26 26 26 26 26 26 26 30 
22 22 22 22 22 81 81 22 22 22 22 81 22 22 22 81 81 22 22 26 22 26 26 26 26 26 26 26 26 26 26 26 26 26 26 26 26 30 
22 22 22 22 22 22 81 22 22 22 22 22 22 22 22 22 81 22 22 26 22 26 26 26 26 26 26 26 26 26 26 26 26 26 26 26 26 30 
22 22 22 22 22 22 22 22 22 22 22 22 22 22 22 22 22 22 22 26 22 26 26 26 26 26 26 26 26 26 26 26 26 26 26 26 26 30 
22 22 22 22 22 22 22 22 22 22 22 22 22 22 22 22 22 22 22 26 22 26 26 26 26 26 26 26 26 26 26 26 26 26 26 26 26 30 
22 22 22 22 22 81 81 81 81 81 81 81 81 81 81 81 22 22 22 26 22 26 26 26 26 26 26 26 26 26 26 26 26 26 26 26 26 30 
22 22 22 22 22 22 81 81 81 81 81 81 81 81 81 81 81 22 22 26 22 26 26 26 26 26 26 26 26 26 26 26 26 26 26 26 26 30 
22 22 22 22 22 22 22 22 22 22 22 22 22 22 22 81 81 22 22 26 22 26 26 26 26 26 26 26 26 26 26 26 26 26 26 26 26 30 
22 22 22 22 22 22 22 22 22 22 22 22 22 22 22 81 81 22 22 26 22 26 26 26 26 26 26 26 26 26 26 26 26 26 26 26 26 30 
22 22 22 22 22 22 22 22 22 22 22 22 22 22 22 81 81 22 22 26 22 26 26 26 26 26 26 26 26 26 26 26 26 26 26 26 26 30 
22 22 22 22 22 22 22 22 22 22 22 22 22 22 22 81 81 22 22 26 22 26 26 26 26 26 26 26 26 26 26 26 26 26 26 26 26 30 
22 22 22 22 22 22 22 22 22 22 22 22 22 22 22 22 81 22 22 26 22 26 26 26 26 26 26 26 26 26 26 26 26 26 26 26 26 30 
22 22 22 22 22 81 22 22 22 22 22 22 22 22 22 81 22 22 22 26 22 26 26 26 26 26 26 26 26 26 26 26 26 26 26 26 26 30 
22 22 22 22 22 81 81 81 81 81 81 81 81 81 81 81 81 22 22 26 22 26 26 26 26 26 26 26 26 26 26 26 26 26 26 26 26 30 
22 22 22 22 22 81 81 81 81 81 81 81 81 81 81 81 81 22 22 26 22 26 26 26 26 26 26 26 26 26 26 26 26 26 26 26 26 30 
22 22 22 22 22 81 81 22 22 22 22 22 22 22 22 81 81 22 22 26 22 26 26 26 26 26 26 26 26 26 26 26 26 26 26 26 26 30 
22 22 22 22 22 81 81 22 22 22 22 22 22 22 22 81 81 22 22 26 22 26 26 26 26 26 26 26 26 26 26 26 26 26 26 26 26 30 
22 22 22 22 22 22 81 22 22 22 22 22 22 22 81 81 81 22 22 26 22 26 26 26 26 26 26 26 26 26 26 26 26 26 26 26 26 30 
22 22 22 22 22 22 22 81 81 81 81 81 81 81 81 81 22 22 22 26 22 26 26 26 26 26 26 26 26 26 26 26 26 26 26 26 26 30 
22 22 22 22 22 22 22 22 81 81 81 81 81 81 81 22 22 22 22 26 22 26 26 26 26 26 26 26 26 26 26 26 26 26 26 26 26 30 
22 22 22 22 22 22 22 22 22 22 22 22 22 22 22 22 22 22 22 26 22 26 26 26 26 26 26 26 26 26 26 26 26 26 26 26 26 30 
22 22 22 22 22 22 22 22 22 22 22 22 22 22 22 22 22 22 22 26 22 26 26 26 26 26 26 26 26 26 26 26 26 26 26 26 26 30 
22 22 22 22 22 22 22 22 22 22 22 22 22 22 22 22 22 22 22 26 22 26 26 26 26 26 26 26 26 26 26 26 26 26 26 26 26 30 
22 22 22 22 22 22 22 22 22 22 22 22 22 22 22 22 22 22 22 26 22 26 26 26 26 26 26 26 26 26 26 26 26 26 26 26 26 30 
22 22 22 22 22 22 22 22 22 22 22 22 22 22 22 22 22 22 22 26 22 26 26 26 26 26 26 26 26 26 26 26 26 26 26 26 26 30 
22 22 22 22 22 22 22 22 22 22 22 22 22 22 22 22 22 22 22 26 30 30 30 30 30 30 30 30 30 30 30 30 30 30 30 30 30 30 
22 22 22 22 22 22 22 22 22 22 22 22 22 22 22 22 22 22 22 31 31 31 31 31 31 31 31 31 31 31 31 31 31 31 31 31 31 31 
22 22 22 22 22 22 22 22 22 22 22 22 22 22 22 22 22 22 22 22 22 22 22 22 22 22 22 22 22 22 22 22 22 22 22 22 22 22 
22 22 22 22 22 22 22 22 22 22 22 22 22 22 22 22 22 22 22 22 22 22 22 22 22 22 22 22 22 22 22 22 22 22 22 22 22 22 
22 22 22 22 22 22 22 22 22 22 22 22 22 22 22 22 22 22 22 22 22 22 22 22 22 22 22 22 22 22 22 22 22 22 22 22 22 22 
22 22 22 22 22 22 22 22 22 22 22 22 22 22 22 22 22 22 22 22 22 22 22 22 22 22 22 22 22 22 22 22 22 22 22 22 22 22 
22 22 22 22 22 22 22 22 22 22 22 22 22 22 22 22 22 22 22 22 22 22 22 22 22 22 22 22 22 22 22 22 22 22 22 22 22 22 
22 22 22 22 22 22 22 22 22 22 22 22 22 22 22 22 22 22 22 22 22 22 22 22 22 22 22 22 22 22 22 22 22 22 22 22 22 22 
22 22 22 22 22 22 22 22 22 22 22 22 22 22 22 22 22 22 22 22 22 22 22 22 22 22 22 22 22 22 22 22 22 22 22 22 22 22 
22 22 22 22 22 22 22 22 22 22 22 22 22 22 22 22 22 22 22 22 22 22 22 22 22 22 22 22 22 22 22 22 22 22 22 22 22 22 
22 22 22 22 22 22 22 22 22 22 22 22 22 22 22 22 22 22 22 22 22 22 22 22 22 22 22 22 22 22 22 22 22 22 22 22 22 22 
22 22 22 22 22 22 22 22 22 22 22 22 22 22 22 22 22 22 22 22 22 22 22 22 22 22 22 22 22 22 22 22 22 22 22 22 22 22 
22 22 22 22 22 22 22 22 22 22 22 22 22 22 22 22 22 22 22 22 22 22 22 22 22 22 22 22 22 22 22 22 22 22 22 22 22 22 
22 22 22 22 22 22 22 22 22 22 22 22 22 22 22 22 22 22 22 22 22 22 22 22 22 22 22 22 22 22 22 22 22 22 22 22 22 22 
22 22 22 22 22 22 22 22 22 22 22 22 22 22 22 22 22 22 22 22 22 22 22 22 22 22 22 22 22 22 22 22 22 22 22 22 22 22 
22 22 22 22 22 22 22 22 22 22 22 22 22 22 22 22 22 22 22 22 22 22 22 22 22 22 22 22 22 22 22 22 22 22 22 22 22 22 
22 22 22 22 22 22 22 22 22 22 22 22 22 22 22 22 22 22 22 22 22 22 22 22 22 22 22 22 22 22 22 22 22 22 22 22 22 22 
22 22 22 22 22 22 22 22 22 22 22 22 22 22 22 22 22 22 22 22 22 22 22 22 22 22 22 22 22 22 22 22 22 22 22 22 22 22 
22 22 22 22 22 22 22 22 22 22 22 22 22 22 22 22 22 22 22 22 22 22 22 22 22 22 22 22 22 22 22 22 22 22 22 22 22 22 
22 22 22 22 22 22 22 22 22 22 22 22 22 22 22 22 22 22 22 22 22 22 22 22 22 22 22 22 22 22 22 22 22 22 22 22 22 22 
22 22 22 22 22 22 22 22 22 22 22 22 22 22 22 22 22 22 22 22 22 22 22 22 22 22 22 22 22 22 22 22 22 22 22 22 22 22 
22 22 22 22 22 22 22 22 22 22 22 22 22 22 22 22 22 22 22 22 22 22 22 22 22 22 22 22 22 22 22 22 22 22 22 22 22 22 
22 22 22 22 22 22 22 22 22 22 22 22 22 22 22 22 22 22 22 22 22 22 22 22 22 22 22 22 22 22 22 22 22 22 22 22 22 22 
22 22 22 22 22 22 22 22 22 22 22 22 22 22 22 22 22 22 22 22 22 22 22 22 22 22 22 22 22 22 22 22 22 22 22 22 22 22 
22 22 22 22 22 22 22 22 22 22 22 22 22 22 22 22 22 22 22 22 22 22 22 22 22 22 22 22 22 22 22 22 22 22 22 22 22 22 
22 22 22 22 22 22 22 22 22 22 22 22 22 22 22 22 22 22 22 22 22 22 22 22 22 22 22 22 22 22 22 22 22 22 22 22 22 22 
22 22 22 22 22 22 22 22 22 22 22 22 22 22 22 22 22 22 22 22 22 22 22 22 22 22 22 22 22 22 22 22 22 22 22 22 22 22 
22 22 22 22 22 22 22 22 22 22 22 22 22 22 22 22 22 22 22 22 22 22 22 22 22 22 22 22 22 22 22 22 22 22 22 22 22 22 
22 22 22 22 22 22 22 22 22 22 22 22 22 22 22 22 22 22 22 22 22 22 22 22 22 22 22 22 22 22 22 22 22 22 22 22 22 22 
22 22 22 22 22 22 22 22 22 22 22 22 22 22 22 22 22 22 22 22 22 22 22 22 22 22 22 22 22 22 22 22 22 22 22 22 22 22 
22 22 22 22 22 22 22 22 22 22 22 22 22 22 22 22 22 22 22 22 22 22 22 22 22 22 22 22 22 22 22 22 22 22 22 22 22 22 
22 22 22 22 22 22 22 22 22 22 22 22 22 22 22 22 22 22 22 22 22 22 22 22 22 22 22 22 22 22 22 22 22 22 22 22 22 22 
22 22 22 22 22 22 22 22 22 22 22 22 22 22 22 22 22 22 22 22 22 22 22 22 22 22 22 22 22 22 22 22 22 22 22 22 22 22 
22 22 22 22 22 22 22 22 22 22 22 22 22 22 22 22 22 22 22 22 22 22 22 22 22 22 22 22 22 22 22 22 22 22 22 22 22 22 
22 22 22 22 22 22 22 22 22 22 22 22 22 22 22 22 22 22 22 22 22 22 22 22 22 22 22 22 22 22 22 22 22 22 22 22 22 22 
22 22 22 22 22 22 22 22 22 22 22 22 22 22 22 22 22 22 22 22 22 22 22 22 22 22 22 22 22 22 22 22 22 22 22 22 22 22 
28 22 22 22 22 22 22 22 22 22 22 22 22 22 22 22 22 22 22 22 22 22 22 22 22 22 22 22 22 22 22 22 22 22 22 22 22 80 
28 80 22 22 22 22 22 22 22 22 22 22 22 22 22 22 22 22 22 22 22 22 22 22 22 22 22 22 22 22 22 22 22 22 22 22 80 56 
