104 38
28 64 22 22 22 22 22 22 22 22 22 22 22 22 22 22 22 22 22 26 26 26 26 26 26 26 26 26 26 26 26 26 26 26 26 26 26 26 
28 22 22 22 22 22 22 22 22 22 22 22 22 22 22 22 22 22 22 26 22 22 22 22 22 22 22 22 22 22 22 22 22 22 22 22 22 30 
22 22 22 22 22 22 22 22 22 22 22 22 22 22 22 22 22 22 22 26 22 26 26 26 26 26 26 26 26 26 26 26 26 26 26 26 26 30 
22 22 22 22 22 22 22 22 22 22 22 22 22 22 22 22 22 22 22 26 22 26 26 26 26 26 26 26 26 26 26 26 26 26 26 26 26 30 
22 22 22 22 22 22 22 22 22 22 22 22 22 22 22 22 22 22 22 26 22 26 26 26 26 26 26 26 26 26 26 26 26 26 26 26 26 30 
22 22 22 22 22 22 22 22 22 22 22 22 22 22 22 22 22 22 22 26 22 26 26 26 26 26 26 26 26 26 26 26 26 26 26 26 26 30 
22 22 22 22 22 22 22 22 22 22 22 22 22 22 22 22 22 22 22 26 22 26 26 26 26 26 26 26 26 26 26 26 26 26 26 26 26 30 
22 22 22 22 22 22 22 22 22 22 22 22 22 22 22 22 22 22 22 26 22 26 26 26 26 26 26 26 26 26 26 26 26 26 26 26 26 30 
22 22 22 22 22 22 22 22 22 22 22 22 22 22 22 22 22 22 22 26 22 26 26 26 26 26 26 26 26 26 26 26 26 26 26 26 26 30 
22 22 22 22 22 22 22 22 22 22 22 22 22 22 22 22 22 22 22 26 22 26 26 26 26 26 26 26 26 26 26 26 26 26 26 26 26 30 
22 22 22 22 22 22 22 22 22 22 22 22 22 22 22 22 22 22 22 26 22 26 26 26 26 31 31 31 31 31 31 31 31 31 26 26 26 30 
22 22 22 22 22 22 22 22 22 22 22 22 22 22 22 22 22 22 22 26 22 26 26 26 26 31 31 31 31 31 31 31 31 31 26 26 26 30 
22 22 22 22 22 22 22 22 22 22 22 22 22 22 22 22 22 22 22 26 22 26 26 26 26 26 26 26 31 31 26 26 26 26 26 26 26 30 
22 22 22 22 22 22 22 81 81 22 22 22 22 81 22 22 22 22 22 26 22 26 26 26 26 26 26 31 31 31 31 26 26 26 26 26 26 30 
22 22 22 22 22 22 81 81 81 81 22 22 22 22 81 22 22 22 22 26 22 26 26 26 26 26 31 31 26 26 31 31 26 26 26 26 26 30 
22 22 22 22 22 81 81 81 22 22 81 22 22 22 22 81 22 22 22 26 22 26 26 26 26 31 31 26 26 26 26 31 31 26 26 26 26 30 
22 22 22 22 22 81 81 22 22 22 81 81 22 22 22 81 81 22 22 26 22 26 26 26 26 31 26 26 26 26 26 26 31 31 26 26 26 30 
22 22 22 22 22 81 81 22 22 22 81 81 22 22 22 81 81 22 22 26 22 26 26 26 26 26 26 26 26 26 26 26 26 31 26 26 26 30 
22 22 22 22 22 22 81 22 22 22 22 81 22 22 81 81 81 22 22 26 22 26 26 26 26 26 26 26 26 26 26 26 26 26 26 26 26 30 
22 22 22 22 22 22 22 81 22 22 22 22 81 81 81 81 22 22 22 26 22 26 26 26 26 26 26 31 31 31 31 31 31 31 26 26 26 30 
22 22 22 22 22 22 22 22 81 22 22 22 22 81 81 22 22 22 22 26 22 26 26 26 26 26 26 31 31 31 31 31 31 31 26 26 26 30 
22 22 22 22 22 81 81 81 81 81 81 81 81 81 81 81 22 22 22 26 22 26 26 26 26 26 26 26 31 26 26 26 26 26 26 26 26 30 
22 22 22 22 22 22 81 81 81 81 81 81 81 81 81 81 81 22 22 26 22 26 26 26 26 26 26 31 26 26 26 26 26 26 26 26 26 30 
22 22 22 22 22 22 22 22 22 22 81 81 22 22 22 22 22 22 22 26 22 26 26 26 26 26 26 31 26 26 26 26 26 26 26 26 26 30 
22 22 22 22 22 22 22 22 22 22 81 81 22 22 22 22 22 22 22 26 22 26 26 26 26 26 26 31 31 31 31 31 31 31 26 26 26 30 
22 22 22 22 22 22 22 22 22 22 81 81 22 22 22 22 22 22 22 26 22 26 26 26 26 26 26 26 31 31 31 31 31 31 26 26 26 30 
22 22 22 22 22 22 22 22 22 22 81 81 22 22 22 22 22 22 22 26 22 26 26 26 26 26 26 26 26 26 26 26 26 26 26 26 26 30 
22 22 22 22 22 81 81 81 81 81 81 81 81 81 81 81 22 22 22 26 22 26 26 26 26 26 26 26 26 26 26 26 26 26 26 26 26 30 
22 22 22 22 22 22 81 81 81 81 81 81 81 81 81 81 81 22 22 26 22 26 26 26 31 31 26 31 31 31 31 31 31 31 26 26 26 30 
22 22 22 22 22 22 22 22 22 22 22 22 22 22 22 22 22 22 22 26 22 26 26 26 31 31 26 31 31 31 31 31 31 31 26 26 26 30 
22 22 22 22 22 22 22 22 22 22 22 22 22 22 22 22 22 22 22 26 22 26 26 26 26 26 26 26 26 26 26 26 26 26 26 26 26 30 
22 22 22 22 22 81 22 22 22 22 22 22 22 22 22 81 22 22 22 26 22 26 26 26 26 26 26 26 26 26 26 26 26 26 26 26 26 30 
22 22 22 22 22 81 81 81 81 81 81 81 81 81 81 81 81 22 22 26 22 26 26 26 26 26 26 26 31 31 31 31 31 26 26 26 26 30 
22 22 22 22 22 81 81 81 81 81 81 81 81 81 81 81 81 22 22 26 22 26 26 26 26 26 26 31 31 31 31 31 31 31 26 26 31 30 
22 22 22 22 22 22 81 22 22 22 22 22 22 22 22 22 81 22 22 26 22 26 26 26 26 26 26 31 26 26 26 26 26 31 26 26 31 30 
22 22 22 22 22 22 22 22 22 22 22 22 22 22 22 22 22 22 22 26 22 26 26 26 26 26 26 31 26 26 26 26 26 31 26 26 31 30 
22 22 22 22 22 22 22 22 22 22 22 22 22 22 22 22 22 22 22 26 22 26 26 26 26 26 26 31 26 26 26 26 31 26 26 26 31 30 
22 22 22 22 22 81 81 81 81 81 81 81 81 81 81 81 22 22 22 26 22 26 26 26 26 26 26 31 31 31 31 31 31 31 31 31 31 30 
22 22 22 22 22 81 81 81 81 81 81 81 81 81 81 81 81 22 22 26 22 26 26 26 26 26 26 31 31 31 31 31 31 31 31 31 26 30 
22 22 22 22 22 81 81 22 22 22 81 81 22 22 22 81 81 22 22 26 22 26 26 26 26 26 26 26 26 26 26 26 26 26 26 26 26 30 
22 22 22 22 22 81 81 22 22 22 81 81 22 22 22 81 81 22 22 26 22 26 26 26 26 26 26 26 26 26 26 26 26 26 26 26 26 30 
22 22 22 22 22 81 81 22 22 22 81 81 22 22 22 81 81 22 22 26 22 26 26 26 31 31 31 31 31 31 31 31 31 31 26 26 26 30 
22 22 22 22 22 81 81 22 22 22 22 81 22 22 22 81 81 22 22 26 22 26 26 26 31 31 31 31 31 31 31 31 31 31 26 26 26 30 
22 22 22 22 22 22 81 22 22 22 22 22 22 22 22 22 81 22 22 26 22 26 26 26 26 26 26 26 31 26 26 26 26 26 26 26 26 30 
22 22 22 22 22 22 22 22 22 22 22 22 22 22 22 22 22 22 22 26 22 26 26 26 26 26 26 31 26 26 26 26 26 26 26 26 26 30 
22 22 22 22 22 22 22 22 22 22 22 22 22 22 22 22 22 22 22 26 22 26 26 26 26 26 26 31 26 26 26 26 26 26 26 26 26 30 
22 22 22 22 22 81 81 81 81 81 81 81 81 81 81 81 22 22 22 26 22 26 26 26 26 26 26 31 31 31 31 31 31 31 26 26 26 30 
22 22 22 22 22 22 81 81 81 81 81 81 81 81 81 81 81 22 22 26 22 26 26 26 26 26 26 26 31 31 31 31 31 31 26 26 26 30 
22 22 22 22 22 22 22 22 22 22 22 22 22 22 22 81 81 22 22 26 22 26 26 26 26 26 26 26 26 26 26 26 26 26 26 26 26 30 
22 22 22 22 22 22 22 22 22 22 22 22 22 22 22 81 81 22 22 26 22 26 26 26 26 26 26 31 26 26 26 26 26 26 26 26 26 30 
22 22 22 22 22 22 22 22 22 22 22 22 22 22 22 81 81 22 22 26 22 26 26 26 26 31 31 31 31 31 31 31 31 26 26 26 26 30 
22 22 22 22 22 22 22 22 22 22 22 22 22 22 22 81 81 22 22 26 22 26 26 26 26 31 31 31 31 31 31 31 31 31 26 26 26 30 
22 22 22 22 22 22 22 22 22 22 22 22 22 22 22 22 81 22 22 26 22 26 26 26 26 26 26 31 26 26 26 26 26 31 26 26 26 30 
22 22 22 22 22 81 22 22 22 22 22 22 22 22 22 81 22 22 22 26 22 26 26 26 26 26 26 31 26 26 26 26 26 31 26 26 26 30 
22 22 22 22 22 81 81 81 81 81 81 81 81 81 81 81 81 22 22 26 22 26 26 26 26 26 26 26 26 26 26 26 26 26 26 26 26 30 
22 22 22 22 22 81 81 81 81 81 81 81 81 81 81 81 81 22 22 26 22 26 26 26 26 26 26 26 26 26 26 26 26 26 26 26 26 30 
22 22 22 22 22 81 81 22 22 22 22 22 22 22 22 81 81 22 22 26 22 26 26 26 26 26 26 26 26 26 26 26 26 26 26 26 26 30 
22 22 22 22 22 81 81 22 22 22 22 22 22 22 22 81 81 22 22 26 22 26 26 26 26 26 26 26 26 26 26 26 26 26 26 26 26 30 
22 22 22 22 22 22 81 22 22 22 22 22 22 22 81 81 81 22 22 26 22 26 26 26 26 26 26 26 26 26 26 26 26 26 26 26 26 30 
22 22 22 22 22 22 22 81 81 81 81 81 81 81 81 81 22 22 22 26 22 26 26 26 26 26 26 26 26 26 26 26 26 26 26 26 26 30 
22 22 22 22 22 22 22 22 81 81 81 81 81 81 81 22 22 22 22 26 22 26 26 26 26 26 26 26 26 26 26 26 26 26 26 26 26 30 
22 22 22 22 22 22 22 22 22 22 22 22 22 22 22 22 22 22 22 26 22 26 26 26 26 26 26 26 26 26 26 26 26 26 26 26 26 30 
22 22 22 22 22 22 22 22 22 22 22 22 22 22 22 22 22 22 22 26 22 26 26 26 26 26 26 26 26 26 26 26 26 26 26 26 26 30 
22 22 22 22 22 22 22 22 22 22 22 22 22 22 22 22 22 22 22 26 22 26 26 26 26 26 26 26 26 26 26 26 26 26 26 26 26 30 
22 22 22 22 22 22 22 22 22 22 22 22 22 22 22 22 22 22 22 26 22 26 26 26 26 26 26 26 26 26 26 26 26 26 26 26 26 30 
22 22 22 22 22 22 22 22 22 22 22 22 22 22 22 22 22 22 22 26 22 26 26 26 26 26 26 26 26 26 26 26 26 26 26 26 26 30 
22 22 22 22 22 22 22 22 22 22 22 22 22 22 22 22 22 22 22 26 30 30 30 30 30 30 30 30 30 30 30 30 30 30 30 30 30 30 
22 22 22 22 22 22 22 22 22 22 22 22 22 22 22 22 22 22 22 31 31 31 31 31 31 31 31 31 31 31 31 31 31 31 31 31 31 31 
22 22 22 22 22 22 22 22 22 22 22 22 22 22 22 22 22 22 22 22 22 22 22 22 22 22 22 22 22 22 22 22 22 22 22 22 22 22 
22 22 22 22 22 22 22 22 22 22 22 22 22 22 22 22 22 22 22 22 22 22 22 22 22 22 22 22 22 22 22 22 22 22 22 22 22 22 
22 22 22 22 22 22 22 22 22 22 22 22 22 22 22 22 22 22 22 22 22 22 22 22 22 22 22 22 22 22 22 22 22 22 22 22 22 22 
22 22 22 22 22 22 22 22 22 22 22 22 22 22 22 22 22 22 22 22 22 22 22 22 22 22 22 22 22 22 22 22 22 22 22 22 22 22 
22 22 22 22 22 22 22 22 22 22 22 22 22 22 22 22 22 22 22 22 22 22 22 22 22 22 22 22 22 22 22 22 22 22 22 22 22 22 
22 22 22 22 22 22 22 22 22 22 22 163 163 163 163 22 22 22 22 22 22 22 22 22 22 22 22 22 22 22 22 22 22 22 22 22 22 22 
22 22 22 22 22 22 22 22 22 22 163 163 65 65 163 163 22 22 22 22 22 22 22 22 22 22 22 22 22 22 22 22 22 22 22 22 22 22 
22 22 22 22 22 22 22 22 22 163 163 65 65 65 65 163 163 22 22 22 22 22 22 22 163 163 163 163 163 163 163 163 163 22 22 22 22 22 
22 22 22 22 22 22 22 22 163 163 65 65 65 65 65 65 163 163 22 22 22 22 22 163 163 65 65 65 65 65 65 65 163 22 22 22 22 22 
22 22 22 22 22 22 22 22 163 65 65 65 163 163 163 163 163 163 163 22 22 22 163 163 163 163 65 65 65 65 65 163 163 22 22 22 22 22 
22 22 22 22 22 22 22 22 163 65 65 163 163 65 65 65 65 163 163 163 163 163 163 163 64 163 163 65 65 65 163 163 22 22 22 22 22 22 
22 22 22 22 22 22 22 22 163 65 163 163 65 65 89 89 65 163 65 65 65 65 65 163 163 64 163 163 163 163 163 22 22 22 22 22 22 22 
22 22 22 22 22 22 22 22 163 65 163 65 65 89 89 89 65 163 65 89 89 89 65 65 163 163 64 163 163 163 22 22 22 22 22 22 22 22 
22 22 22 22 22 22 22 22 163 65 163 65 89 89 89 89 65 163 65 89 89 89 89 65 65 163 163 163 163 22 22 22 22 22 22 22 22 22 
22 22 22 22 22 22 22 22 163 163 163 65 89 89 89 89 65 163 65 65 89 89 89 89 65 65 163 163 22 22 22 22 22 22 22 22 22 22 
22 22 22 22 22 22 22 22 22 163 163 65 65 89 89 65 65 163 163 65 65 89 89 89 65 163 163 22 22 22 22 22 22 22 22 22 22 22 
22 22 22 22 22 22 22 22 22 22 163 163 65 65 65 65 163 64 64 163 65 65 89 89 65 163 22 22 22 22 22 22 22 22 22 22 22 22 
22 22 22 22 22 22 22 22 22 22 22 163 65 65 65 163 64 64 64 64 163 65 65 65 65 163 22 22 22 22 22 22 22 22 22 22 22 22 
22 22 22 22 22 22 22 22 22 22 22 163 163 163 163 64 64 31 64 64 64 163 163 163 163 163 22 22 22 22 22 22 22 22 22 22 22 22 
22 22 22 22 22 22 22 22 22 22 22 163 163 163 163 64 64 64 64 64 64 163 163 163 163 163 22 22 22 22 22 22 22 22 22 22 22 22 
22 22 22 22 22 22 22 22 22 22 22 163 65 65 65 163 64 64 64 64 163 65 65 65 65 163 22 22 22 22 22 22 22 22 22 22 22 22 
22 22 22 22 22 22 22 22 22 22 163 163 65 65 65 65 163 64 64 163 65 65 89 89 65 163 22 22 22 22 22 22 22 22 22 22 22 22 
22 22 22 22 22 22 22 22 22 163 163 65 65 89 89 65 65 163 163 65 65 89 89 89 65 163 163 22 22 22 22 22 22 22 22 22 22 22 
22 22 22 22 22 22 22 22 163 163 163 65 89 89 89 89 65 163 65 65 89 89 89 89 65 65 163 163 22 22 22 22 22 22 22 22 22 22 
22 22 22 22 22 22 22 22 163 65 163 65 89 89 89 89 65 163 65 89 89 89 89 65 65 163 163 163 163 22 22 22 22 22 22 22 22 22 
22 22 22 22 22 22 22 22 163 65 163 65 65 89 89 89 65 163 65 89 89 89 65 65 163 163 64 163 163 163 22 22 22 22 22 22 22 22 
22 22 22 22 22 22 22 22 163 65 163 163 65 65 89 89 65 163 65 65 65 65 65 163 163 64 163 163 163 163 163 22 22 22 22 22 22 22 
22 22 22 22 22 22 22 22 163 65 65 163 163 65 65 65 65 163 163 163 163 163 163 163 64 163 163 65 65 65 163 163 22 22 22 22 22 22 
22 22 22 22 22 22 22 22 163 65 65 65 163 163 163 163 163 163 163 22 22 22 163 163 163 163 65 65 65 65 65 163 163 22 22 22 22 22 
22 22 22 22 22 22 22 22 163 163 65 65 65 65 65 65 163 163 22 22 22 22 22 163 163 65 65 65 65 65 65 65 163 22 22 22 22 22 
22 22 22 22 22 22 22 22 22 163 163 65 65 65 65 163 163 22 22 22 22 22 22 22 163 163 163 163 163 163 163 163 163 22 22 22 22 22 
22 22 22 22 22 22 22 22 22 22 163 163 65 65 163 163 22 22 22 22 22 22 22 22 22 22 22 22 22 22 22 22 22 22 22 22 22 22 
22 22 22 22 22 22 22 22 22 22 22 163 163 163 163 22 22 22 22 22 22 22 22 22 22 22 22 22 22 22 22 22 22 22 22 22 22 22 
22 22 22 22 22 22 22 22 22 22 22 22 22 22 22 22 22 22 22 22 22 22 22 22 22 22 22 22 22 22 22 22 22 22 22 22 22 22 
28 22 22 22 22 22 22 22 22 22 22 22 22 22 22 22 22 22 22 22 22 22 22 22 22 22 22 22 22 22 22 22 22 22 22 22 22 64 
28 64 22 22 22 22 22 22 22 22 22 22 22 22 22 22 22 22 22 22 22 22 22 22 22 22 22 22 22 22 22 22 22 22 22 22 64 40 
