104 38
28 64 22 22 22 22 22 22 22 22 22 22 22 22 22 22 22 22 22 26 26 26 26 26 26 26 26 26 26 26 26 26 26 26 26 26 26 26 
28 22 22 22 22 22 22 22 22 22 22 22 22 22 22 22 22 22 22 26 22 22 22 22 22 22 22 22 22 22 22 22 22 22 22 22 22 30 
22 22 22 22 22 22 22 22 22 22 22 22 22 22 22 22 22 22 22 26 22 26 26 26 26 26 26 26 26 26 26 26 26 26 26 26 26 30 
22 22 22 22 22 22 22 22 22 22 22 22 22 22 22 22 22 22 22 26 22 26 26 26 26 26 26 26 26 26 26 26 26 26 26 26 26 30 
22 22 22 22 22 22 22 22 22 22 22 22 22 22 22 22 22 22 22 26 22 26 26 26 26 26 26 26 26 26 26 26 26 26 26 26 26 30 
22 22 22 22 22 22 22 22 22 22 22 22 22 22 22 22 22 22 22 26 22 26 26 26 26 26 26 26 26 26 26 26 26 26 26 26 26 30 
22 22 22 22 22 22 22 22 22 22 22 22 22 22 22 22 22 22 22 26 22 26 26 26 26 26 26 26 26 26 26 26 26 26 26 26 26 30 
22 22 22 22 22 22 22 22 22 22 22 22 22 22 22 22 22 22 22 26 22 26 26 26 26 26 26 26 26 26 26 26 26 26 26 26 26 30 
22 22 22 22 22 22 22 22 22 22 22 22 22 22 22 22 22 22 22 26 22 26 26 26 26 26 26 26 26 26 26 26 26 26 26 26 26 30 
22 22 22 22 22 22 22 22 22 22 22 22 22 22 22 22 22 22 22 26 22 26 26 26 26 26 26 26 26 26 26 26 26 26 26 26 26 30 
22 22 22 22 22 22 22 22 22 22 22 22 22 22 22 22 22 22 22 26 22 26 26 26 26 26 26 26 26 26 26 26 26 26 26 26 26 30 
22 22 22 22 22 22 22 22 22 22 22 22 22 22 22 22 22 22 22 26 22 26 26 26 26 26 26 26 26 26 26 26 26 26 26 26 26 30 
22 22 22 22 22 22 22 22 22 22 22 22 22 22 22 22 22 22 22 26 22 26 26 26 26 26 26 26 26 26 26 26 26 26 26 26 26 30 
22 22 22 22 22 22 22 81 81 22 22 22 22 81 22 22 22 22 22 26 22 26 26 26 26 26 26 26 26 26 26 26 26 26 26 26 26 30 
22 22 22 22 22 22 81 81 81 81 22 22 22 22 81 22 22 22 22 26 22 26 26 26 26 26 26 26 26 26 26 26 26 26 26 26 26 30 
22 22 22 22 22 81 81 81 22 22 81 22 22 22 22 81 22 22 22 26 22 26 26 26 26 26 26 26 26 26 26 26 26 26 26 26 26 30 
22 22 22 22 22 81 81 22 22 22 81 81 22 22 22 81 81 22 22 26 22 26 26 26 26 26 26 26 26 26 26 26 26 26 26 26 26 30 
22 22 22 22 22 81 81 22 22 22 81 81 22 22 22 81 81 22 22 26 22 26 26 26 26 31 31 31 31 31 31 31 31 31 26 26 26 30 
22 22 22 22 22 22 81 22 22 22 22 81 22 22 81 81 81 22 22 26 22 26 26 26 26 31 31 31 31 31 31 31 31 31 26 26 26 30 
22 22 22 22 22 22 22 81 22 22 22 22 81 81 81 81 22 22 22 26 22 26 26 26 26 26 26 26 26 31 26 26 26 26 26 26 26 30 
22 22 22 22 22 22 22 22 81 22 22 22 22 81 81 22 22 22 22 26 22 26 26 26 26 26 26 26 26 31 26 26 26 26 26 26 26 30 
22 22 22 22 22 81 81 81 81 81 81 81 81 81 81 81 22 22 22 26 22 26 26 26 26 26 26 26 26 31 26 26 26 26 26 26 26 30 
22 22 22 22 22 22 81 81 81 81 81 81 81 81 81 81 81 22 22 26 22 26 26 26 26 26 26 26 26 31 26 26 26 26 26 26 26 30 
22 22 22 22 22 22 22 22 22 22 81 81 22 22 22 22 22 22 22 26 22 26 26 26 26 26 26 26 26 31 26 26 26 26 26 26 26 30 
22 22 22 22 22 22 22 22 22 22 81 81 22 22 22 22 22 22 22 26 22 26 26 26 26 31 31 31 31 31 31 31 31 31 26 26 26 30 
22 22 22 22 22 22 22 22 22 22 81 81 22 22 22 22 22 22 22 26 22 26 26 26 26 31 31 31 31 31 31 31 31 31 26 26 26 30 
22 22 22 22 22 22 22 22 22 22 81 81 22 22 22 22 22 22 22 26 22 26 26 26 26 26 26 26 26 26 26 26 26 26 26 26 26 30 
22 22 22 22 22 81 81 81 81 81 81 81 81 81 81 81 22 22 22 26 22 26 26 26 26 26 26 26 26 26 26 26 26 26 26 26 26 30 
22 22 22 22 22 22 81 81 81 81 81 81 81 81 81 81 81 22 22 26 22 26 26 26 26 26 26 26 31 31 31 31 31 26 26 26 26 30 
22 22 22 22 22 22 22 22 22 22 22 22 22 22 22 22 22 22 22 26 22 26 26 26 26 26 26 31 31 31 31 31 31 31 26 26 26 30 
22 22 22 22 22 22 22 22 22 22 22 22 22 22 22 22 22 22 22 26 22 26 26 26 26 26 26 31 26 26 26 26 26 31 26 26 26 30 
22 22 22 22 22 81 22 22 22 22 22 22 22 22 22 81 22 22 22 26 22 26 26 26 26 26 26 31 26 26 26 26 26 31 26 26 26 30 
22 22 22 22 22 81 81 81 81 81 81 81 81 81 81 81 81 22 22 26 22 26 26 26 26 26 26 31 26 26 26 26 26 31 26 26 26 30 
22 22 22 22 22 81 81 81 81 81 81 81 81 81 81 81 81 22 22 26 22 26 26 26 26 26 26 31 31 31 31 31 31 31 26 26 26 30 
22 22 22 22 22 22 81 22 22 22 22 22 22 22 22 22 81 22 22 26 22 26 26 26 26 26 26 26 31 31 31 31 31 26 26 26 26 30 
22 22 22 22 22 22 22 22 22 22 22 22 22 22 22 22 22 22 22 26 22 26 26 26 26 26 26 26 26 26 26 26 26 26 26 26 26 30 
22 22 22 22 22 22 22 22 22 22 22 22 22 22 22 22 22 22 22 26 22 26 26 26 26 26 26 26 26 26 26 26 26 26 26 26 26 30 
22 22 22 22 22 81 81 81 81 81 81 81 81 81 81 81 22 22 22 26 22 26 26 26 31 31 31 31 31 31 31 31 31 31 26 26 26 30 
22 22 22 22 22 81 81 81 81 81 81 81 81 81 81 81 81 22 22 26 22 26 26 26 31 31 31 31 31 31 31 31 31 31 26 26 26 30 
22 22 22 22 22 81 81 22 22 22 81 81 22 22 22 81 81 22 22 26 22 26 26 26 26 26 26 26 26 26 26 26 26 26 26 26 26 30 
22 22 22 22 22 81 81 22 22 22 81 81 22 22 22 81 81 22 22 26 22 26 26 26 26 26 26 26 26 26 26 26 26 26 26 26 26 30 
22 22 22 22 22 81 81 22 22 22 81 81 22 22 22 81 81 22 22 26 22 26 26 26 26 26 26 31 31 31 26 26 26 26 26 26 26 30 
22 22 22 22 22 81 81 22 22 22 22 81 22 22 22 81 81 22 22 26 22 26 26 26 26 26 26 31 31 31 31 31 26 26 26 26 26 30 
22 22 22 22 22 22 81 22 22 22 22 22 22 22 22 22 81 22 22 26 22 26 26 26 26 26 26 26 26 26 31 31 31 31 26 31 31 30 
22 22 22 22 22 22 22 22 22 22 22 22 22 22 22 22 22 22 22 26 22 26 26 26 26 26 26 26 26 26 26 26 31 31 31 31 31 30 
22 22 22 22 22 22 22 22 22 22 22 22 22 22 22 22 22 22 22 26 22 26 26 26 26 26 26 26 26 26 31 31 31 31 31 26 26 30 
22 22 22 22 22 81 81 81 81 81 81 81 81 81 81 81 22 22 22 26 22 26 26 26 26 26 26 31 31 31 31 31 26 26 26 26 26 30 
22 22 22 22 22 22 81 81 81 81 81 81 81 81 81 81 81 22 22 26 22 26 26 26 26 26 26 31 31 31 26 26 26 26 26 26 26 30 
22 22 22 22 22 22 22 22 22 22 22 22 22 22 22 81 81 22 22 26 22 26 26 26 26 26 26 26 26 26 26 26 26 26 26 26 26 30 
22 22 22 22 22 22 22 22 22 22 22 22 22 22 22 81 81 22 22 26 22 26 26 26 26 26 26 26 26 26 26 26 26 26 26 26 26 30 
22 22 22 22 22 22 22 22 22 22 22 22 22 22 22 81 81 22 22 26 22 26 26 26 26 26 26 26 26 26 26 26 26 26 26 26 26 30 
22 22 22 22 22 22 22 22 22 22 22 22 22 22 22 81 81 22 22 26 22 26 26 26 26 26 26 26 26 26 26 26 26 26 26 26 26 30 
22 22 22 22 22 22 22 22 22 22 22 22 22 22 22 22 81 22 22 26 22 26 26 26 26 26 26 26 26 26 26 26 26 26 26 26 26 30 
22 22 22 22 22 81 22 22 22 22 22 22 22 22 22 81 22 22 22 26 22 26 26 26 26 26 26 26 26 26 26 26 26 26 26 26 26 30 
22 22 22 22 22 81 81 81 81 81 81 81 81 81 81 81 81 22 22 26 22 26 26 26 26 26 26 26 26 26 26 26 26 26 26 26 26 30 
22 22 22 22 22 81 81 81 81 81 81 81 81 81 81 81 81 22 22 26 22 26 26 26 26 26 26 26 26 26 26 26 26 26 26 26 26 30 
22 22 22 22 22 81 81 22 22 22 22 22 22 22 22 81 81 22 22 26 22 26 26 26 26 26 26 26 26 26 26 26 26 26 26 26 26 30 
22 22 22 22 22 81 81 22 22 22 22 22 22 22 22 81 81 22 22 26 22 26 26 26 26 26 26 26 26 26 26 26 26 26 26 26 26 30 
22 22 22 22 22 22 81 22 22 22 22 22 22 22 81 81 81 22 22 26 22 26 26 26 26 26 26 26 26 26 26 26 26 26 26 26 26 30 
22 22 22 22 22 22 22 81 81 81 81 81 81 81 81 81 22 22 22 26 22 26 26 26 26 26 26 26 26 26 26 26 26 26 26 26 26 30 
22 22 22 22 22 22 22 22 81 81 81 81 81 81 81 22 22 22 22 26 22 26 26 26 26 26 26 26 26 26 26 26 26 26 26 26 26 30 
22 22 22 22 22 22 22 22 22 22 22 22 22 22 22 22 22 22 22 26 22 26 26 26 26 26 26 26 26 26 26 26 26 26 26 26 26 30 
22 22 22 22 22 22 22 22 22 22 22 22 22 22 22 22 22 22 22 26 22 26 26 26 26 26 26 26 26 26 26 26 26 26 26 26 26 30 
22 22 22 22 22 22 22 22 22 22 22 22 22 22 22 22 22 22 22 26 22 26 26 26 26 26 26 26 26 26 26 26 26 26 26 26 26 30 
22 22 22 22 22 22 22 22 22 22 22 22 22 22 22 22 22 22 22 26 22 26 26 26 26 26 26 26 26 26 26 26 26 26 26 26 26 30 
22 22 22 22 22 22 22 22 22 22 22 22 22 22 22 22 22 22 22 26 22 26 26 26 26 26 26 26 26 26 26 26 26 26 26 26 26 30 
22 22 22 22 22 22 22 22 22 22 22 22 22 22 22 22 22 22 22 26 30 30 30 30 30 30 30 30 30 30 30 30 30 30 30 30 30 30 
22 22 22 22 22 22 22 22 22 22 22 22 22 22 22 22 22 22 22 31 31 31 31 31 31 31 31 31 31 31 31 31 31 31 31 31 31 31 
22 22 22 22 22 22 22 22 22 22 22 22 22 22 22 22 22 22 22 22 22 22 22 22 22 22 22 22 22 22 22 22 22 22 22 22 22 22 
22 22 22 22 22 22 22 22 22 22 22 22 22 22 22 22 22 22 22 22 22 22 22 22 22 22 22 22 22 22 22 22 22 22 22 22 22 22 
22 22 22 22 22 22 22 22 22 22 22 22 22 22 22 22 22 22 22 22 22 22 22 22 22 22 22 22 22 22 22 22 22 22 22 22 22 22 
22 22 22 22 22 22 22 22 22 22 22 22 22 22 22 22 22 22 22 22 22 22 22 22 22 22 22 22 22 22 22 22 22 22 22 22 22 22 
22 22 22 22 22 22 22 22 22 22 22 22 22 22 22 22 22 22 22 22 22 22 22 22 22 22 22 22 22 22 22 22 22 22 22 22 22 22 
22 22 22 22 22 22 22 22 22 22 22 22 22 22 22 22 22 22 22 22 22 22 22 22 22 22 22 22 22 22 22 22 22 22 22 22 22 22 
22 22 22 22 22 22 22 22 22 22 56 56 56 56 56 56 56 56 22 22 22 22 22 22 22 22 22 22 22 22 22 22 22 22 22 22 22 22 
22 22 22 22 22 22 22 22 56 56 56 81 81 81 81 81 81 56 56 56 56 22 22 22 22 22 22 22 22 22 22 22 22 22 22 22 22 22 
22 22 22 22 22 22 22 56 56 81 81 56 56 56 56 56 56 81 81 81 56 56 56 22 22 22 22 22 22 22 22 22 22 22 22 22 22 22 
22 22 22 22 22 22 56 56 81 56 56 81 81 81 81 81 81 56 56 56 81 81 56 56 56 22 22 22 22 22 22 22 22 22 22 22 22 22 
22 22 22 22 22 22 56 81 56 81 81 81 31 31 81 56 56 81 81 81 56 56 81 81 56 56 56 22 22 22 22 22 22 22 22 22 22 22 
22 22 22 22 22 56 56 81 56 81 31 31 31 81 56 95 95 56 81 81 81 81 56 56 81 81 56 56 22 22 22 22 22 22 22 22 22 22 
22 22 22 22 22 56 81 56 81 31 31 31 81 56 95 95 95 95 56 81 31 31 81 81 56 56 81 56 56 22 22 22 22 22 22 22 22 22 
22 22 22 22 22 56 81 56 81 31 31 31 81 56 95 95 95 95 56 81 31 31 31 31 81 81 56 81 56 56 22 22 22 22 22 22 22 22 
22 22 22 22 56 56 81 81 31 31 31 31 81 81 56 56 56 56 81 81 31 31 31 31 31 31 81 56 81 56 56 22 22 22 22 22 22 22 
22 22 22 22 56 81 81 81 31 31 31 81 81 81 81 81 81 81 81 81 81 31 31 31 31 31 31 81 56 81 56 56 22 22 22 22 22 22 
22 22 22 22 56 81 81 81 81 56 56 81 81 81 64 64 64 64 81 81 81 56 56 56 31 31 31 31 81 81 81 56 22 22 22 22 22 22 
22 22 22 22 56 81 81 81 56 95 95 56 81 64 31 31 64 64 64 81 56 95 95 95 56 56 31 31 81 81 81 56 56 22 22 22 22 22 
22 22 22 22 56 81 81 56 95 95 95 56 81 64 31 64 64 64 64 81 56 95 95 95 95 95 56 81 81 81 81 81 56 22 22 22 22 22 
22 22 22 22 56 81 81 56 95 95 95 56 81 64 64 64 64 64 64 81 56 95 95 95 95 95 56 81 81 81 81 81 56 22 22 22 22 22 
22 22 22 22 56 81 81 81 56 95 95 56 81 64 64 64 64 64 64 81 56 95 95 95 56 56 81 81 81 81 81 56 56 22 22 22 22 22 
22 22 22 22 56 81 81 81 81 56 56 81 81 81 64 64 64 64 81 81 81 56 56 56 81 81 81 81 81 81 81 56 22 22 22 22 22 22 
22 22 22 22 56 81 81 81 81 81 81 81 81 81 81 81 81 81 81 81 81 81 81 81 81 81 81 81 56 81 56 56 22 22 22 22 22 22 
22 22 22 22 56 56 81 81 81 31 31 31 81 81 56 56 56 56 81 81 81 31 31 31 31 31 81 56 81 56 56 22 22 22 22 22 22 22 
22 22 22 22 22 56 81 56 81 31 31 31 81 56 95 95 95 95 56 81 31 31 31 31 81 81 56 81 56 56 22 22 22 22 22 22 22 22 
22 22 22 22 22 56 81 56 81 81 31 31 81 56 95 95 95 95 56 81 31 31 81 81 56 56 81 56 56 22 22 22 22 22 22 22 22 22 
22 22 22 22 22 56 56 81 56 81 81 81 81 81 56 95 95 56 81 81 81 81 56 56 81 81 56 56 22 22 22 22 22 22 22 22 22 22 
22 22 22 22 22 22 56 81 56 81 81 81 81 81 81 56 56 81 81 81 56 56 81 81 56 56 56 22 22 22 22 22 22 22 22 22 22 22 
22 22 22 22 22 22 56 56 81 56 56 81 81 81 81 81 81 56 56 56 81 81 56 56 56 22 22 22 22 22 22 22 22 22 22 22 22 22 
22 22 22 22 22 22 22 56 56 81 81 56 56 56 56 56 56 81 81 81 56 56 56 22 22 22 22 22 22 22 22 22 22 22 22 22 22 22 
22 22 22 22 22 22 22 22 56 56 56 81 81 81 81 81 81 56 56 56 56 22 22 22 22 22 22 22 22 22 22 22 22 22 22 22 22 22 
22 22 22 22 22 22 22 22 22 22 56 56 56 56 56 56 56 56 22 22 22 22 22 22 22 22 22 22 22 22 22 22 22 22 22 22 22 22 
22 22 22 22 22 22 22 22 22 22 22 22 22 22 22 22 22 22 22 22 22 22 22 22 22 22 22 22 22 22 22 22 22 22 22 22 22 22 
22 22 22 22 22 22 22 22 22 22 22 22 22 22 22 22 22 22 22 22 22 22 22 22 22 22 22 22 22 22 22 22 22 22 22 22 22 22 
28 22 22 22 22 22 22 22 22 22 22 22 22 22 22 22 22 22 22 22 22 22 22 22 22 22 22 22 22 22 22 22 22 22 22 22 22 64 
28 64 22 22 22 22 22 22 22 22 22 22 22 22 22 22 22 22 22 22 22 22 22 22 22 22 22 22 22 22 22 22 22 22 22 22 64 40 
