104 38
28 64 22 22 22 22 22 22 22 22 22 22 22 22 22 22 22 22 22 26 26 26 26 26 26 26 26 26 26 26 26 26 26 26 26 26 26 26 
28 22 22 22 22 22 22 22 22 22 22 22 22 22 22 22 22 22 22 26 22 22 22 22 22 22 22 22 22 22 22 22 22 22 22 22 22 30 
22 22 22 22 22 22 22 22 22 22 22 22 22 22 22 22 22 22 22 26 22 26 26 26 26 26 26 26 26 26 26 26 26 26 26 26 26 30 
22 22 22 22 22 22 22 22 22 22 22 22 22 22 22 22 22 22 22 26 22 26 26 26 26 26 26 26 26 26 26 26 26 26 26 26 26 30 
22 22 22 22 22 22 22 22 22 22 22 22 22 22 22 22 22 22 22 26 22 26 26 26 26 26 26 26 26 26 26 26 26 26 26 26 26 30 
22 22 22 22 22 22 22 22 22 22 22 22 22 22 22 22 22 22 22 26 22 26 26 26 26 26 26 26 26 26 26 26 26 26 26 26 26 30 
22 22 22 22 22 22 22 22 22 22 22 22 22 22 22 22 22 22 22 26 22 26 26 26 26 26 26 26 26 26 26 26 26 26 26 26 26 30 
22 22 22 22 22 22 22 22 22 22 22 22 22 22 22 22 22 22 22 26 22 26 26 26 26 26 26 26 26 26 26 26 26 26 26 26 26 30 
22 22 22 22 22 22 22 22 22 22 22 22 22 22 22 22 22 22 22 26 22 26 26 26 26 26 31 31 31 26 26 31 31 26 26 26 26 30 
22 22 22 22 22 22 22 22 22 22 22 22 22 22 22 22 22 22 22 26 22 26 26 26 26 31 31 31 31 31 26 31 31 31 26 26 26 30 
22 22 22 22 22 22 22 22 22 22 22 22 22 22 22 22 22 22 22 26 22 26 26 26 26 31 26 26 31 31 26 26 26 31 26 26 26 30 
22 22 22 22 22 22 22 22 22 22 22 22 22 22 22 22 22 22 22 26 22 26 26 26 26 31 26 26 26 31 26 26 26 31 26 26 26 30 
22 22 22 22 22 22 22 22 22 22 22 22 22 22 22 22 22 22 22 26 22 26 26 26 26 31 26 26 26 31 31 26 26 31 26 26 26 30 
22 22 22 22 22 22 22 81 81 22 22 22 22 81 22 22 22 22 22 26 22 26 26 26 26 31 31 31 26 31 31 31 31 31 26 26 26 30 
22 22 22 22 22 22 81 81 81 81 22 22 22 22 81 22 22 22 22 26 22 26 26 26 26 26 31 31 26 26 31 31 31 26 26 26 26 30 
22 22 22 22 22 81 81 81 22 22 81 22 22 22 22 81 22 22 22 26 22 26 26 26 26 26 26 26 26 26 26 26 26 26 26 26 26 30 
22 22 22 22 22 81 81 22 22 22 81 81 22 22 22 81 81 22 22 26 22 26 26 26 26 26 26 26 26 26 26 26 26 26 26 26 26 30 
22 22 22 22 22 81 81 22 22 22 81 81 22 22 22 81 81 22 22 26 22 26 26 26 26 26 26 26 26 26 31 31 31 26 26 26 26 30 
22 22 22 22 22 22 81 22 22 22 22 81 22 22 81 81 81 22 22 26 22 26 26 26 26 26 26 31 26 31 31 31 31 31 26 26 26 30 
22 22 22 22 22 22 22 81 22 22 22 22 81 81 81 81 22 22 22 26 22 26 26 26 26 26 26 31 26 31 26 26 26 31 26 26 26 30 
22 22 22 22 22 22 22 22 81 22 22 22 22 81 81 22 22 22 22 26 22 26 26 26 26 26 26 31 26 31 26 26 26 31 26 26 26 30 
22 22 22 22 22 81 81 81 81 81 81 81 81 81 81 81 22 22 22 26 22 26 26 26 26 26 26 31 26 31 26 26 26 31 26 26 26 30 
22 22 22 22 22 22 81 81 81 81 81 81 81 81 81 81 81 22 22 26 22 26 26 26 26 26 26 31 31 31 31 31 31 31 26 26 26 30 
22 22 22 22 22 22 22 22 22 22 81 81 22 22 22 22 22 22 22 26 22 26 26 26 26 26 26 26 31 31 31 31 31 31 26 26 26 30 
22 22 22 22 22 22 22 22 22 22 81 81 22 22 22 22 22 22 22 26 22 26 26 26 26 26 26 26 26 26 26 26 26 26 26 26 26 30 
22 22 22 22 22 22 22 22 22 22 81 81 22 22 22 22 22 22 22 26 22 26 26 26 26 26 26 26 26 26 26 26 26 26 26 26 26 30 
22 22 22 22 22 22 22 22 22 22 81 81 22 22 22 22 22 22 22 26 22 26 26 26 26 26 26 26 31 31 31 31 31 26 26 26 26 30 
22 22 22 22 22 81 81 81 81 81 81 81 81 81 81 81 22 22 22 26 22 26 26 26 26 26 26 31 31 31 31 31 31 31 26 26 26 30 
22 22 22 22 22 22 81 81 81 81 81 81 81 81 81 81 81 22 22 26 22 26 26 26 26 26 26 31 26 26 26 26 26 31 26 26 26 30 
22 22 22 22 22 22 22 22 22 22 22 22 22 22 22 22 22 22 22 26 22 26 26 26 26 26 26 31 26 26 26 26 26 31 26 26 26 30 
22 22 22 22 22 22 22 22 22 22 22 22 22 22 22 22 22 22 22 26 22 26 26 26 26 26 26 31 26 26 26 26 26 31 26 26 26 30 
22 22 22 22 22 81 22 22 22 22 22 22 22 22 22 81 22 22 22 26 22 26 26 26 26 26 26 31 31 26 26 26 31 31 26 26 26 30 
22 22 22 22 22 81 81 81 81 81 81 81 81 81 81 81 81 22 22 26 22 26 26 26 26 26 26 26 31 26 26 26 31 26 26 26 26 30 
22 22 22 22 22 81 81 81 81 81 81 81 81 81 81 81 81 22 22 26 22 26 26 26 26 26 26 26 26 26 26 26 26 26 26 26 26 30 
22 22 22 22 22 22 81 22 22 22 22 22 22 22 22 22 81 22 22 26 22 26 26 26 26 26 26 31 31 31 31 31 31 31 26 26 26 30 
22 22 22 22 22 22 22 22 22 22 22 22 22 22 22 22 22 22 22 26 22 26 26 26 26 26 26 31 31 31 31 31 31 31 26 26 26 30 
22 22 22 22 22 22 22 22 22 22 22 22 22 22 22 22 22 22 22 26 22 26 26 26 26 26 26 26 31 26 26 26 26 26 26 26 26 30 
22 22 22 22 22 81 81 81 81 81 81 81 81 81 81 81 22 22 22 26 22 26 26 26 26 26 26 31 31 26 26 26 26 26 26 26 26 30 
22 22 22 22 22 81 81 81 81 81 81 81 81 81 81 81 81 22 22 26 22 26 26 26 26 26 26 31 31 26 26 26 26 26 26 26 26 30 
22 22 22 22 22 81 81 22 22 22 81 81 22 22 22 81 81 22 22 26 22 26 26 26 26 26 26 26 26 26 26 26 26 26 26 26 26 30 
22 22 22 22 22 81 81 22 22 22 81 81 22 22 22 81 81 22 22 26 22 26 26 26 26 26 26 26 31 31 31 31 31 26 26 26 26 30 
22 22 22 22 22 81 81 22 22 22 81 81 22 22 22 81 81 22 22 26 22 26 26 26 26 26 26 31 31 31 31 31 31 31 26 26 26 30 
22 22 22 22 22 81 81 22 22 22 22 81 22 22 22 81 81 22 22 26 22 26 26 26 26 26 26 31 26 26 31 26 26 31 26 26 26 30 
22 22 22 22 22 22 81 22 22 22 22 22 22 22 22 22 81 22 22 26 22 26 26 26 26 26 26 31 26 26 31 26 26 31 26 26 26 30 
22 22 22 22 22 22 22 22 22 22 22 22 22 22 22 22 22 22 22 26 22 26 26 26 26 26 26 31 26 26 31 26 26 31 26 26 26 30 
22 22 22 22 22 22 22 22 22 22 22 22 22 22 22 22 22 22 22 26 22 26 26 26 26 26 26 31 31 31 31 26 31 31 26 26 26 30 
22 22 22 22 22 81 81 81 81 81 81 81 81 81 81 81 22 22 22 26 22 26 26 26 26 26 26 26 31 31 31 26 31 26 26 26 26 30 
22 22 22 22 22 22 81 81 81 81 81 81 81 81 81 81 81 22 22 26 22 26 26 26 26 26 26 26 26 26 26 26 26 26 26 26 26 30 
22 22 22 22 22 22 22 22 22 22 22 22 22 22 22 81 81 22 22 26 22 26 26 26 26 26 26 26 26 26 26 26 26 26 26 26 26 30 
22 22 22 22 22 22 22 22 22 22 22 22 22 22 22 81 81 22 22 26 22 26 26 26 26 26 26 26 31 31 31 31 31 26 26 26 26 30 
22 22 22 22 22 22 22 22 22 22 22 22 22 22 22 81 81 22 22 26 22 26 26 26 26 26 26 31 31 31 31 31 31 31 26 26 26 30 
22 22 22 22 22 22 22 22 22 22 22 22 22 22 22 81 81 22 22 26 22 26 26 26 26 26 26 31 26 26 26 26 26 31 26 26 26 30 
22 22 22 22 22 22 22 22 22 22 22 22 22 22 22 22 81 22 22 26 22 26 26 26 26 26 26 31 26 26 26 26 26 31 26 26 26 30 
22 22 22 22 22 81 22 22 22 22 22 22 22 22 22 81 22 22 22 26 22 26 26 26 26 26 26 31 26 26 26 26 31 26 26 26 26 30 
22 22 22 22 22 81 81 81 81 81 81 81 81 81 81 81 81 22 22 26 22 26 26 26 31 31 31 31 31 31 31 31 31 31 26 26 26 30 
22 22 22 22 22 81 81 81 81 81 81 81 81 81 81 81 81 22 22 26 22 26 26 26 31 31 31 31 31 31 31 31 31 31 26 26 26 30 
22 22 22 22 22 81 81 22 22 22 22 22 22 22 22 81 81 22 22 26 22 26 26 26 26 26 26 26 26 26 26 26 26 26 26 26 26 30 
22 22 22 22 22 81 81 22 22 22 22 22 22 22 22 81 81 22 22 26 22 26 26 26 26 26 26 26 26 26 26 26 26 26 26 26 26 30 
22 22 22 22 22 22 81 22 22 22 22 22 22 22 81 81 81 22 22 26 22 26 26 26 26 26 26 26 26 26 26 26 26 26 26 26 26 30 
22 22 22 22 22 22 22 81 81 81 81 81 81 81 81 81 22 22 22 26 22 26 26 26 26 26 26 26 26 26 26 26 26 26 26 26 26 30 
22 22 22 22 22 22 22 22 81 81 81 81 81 81 81 22 22 22 22 26 22 26 26 26 26 26 26 26 26 26 26 26 26 26 26 26 26 30 
22 22 22 22 22 22 22 22 22 22 22 22 22 22 22 22 22 22 22 26 22 26 26 26 26 26 26 26 26 26 26 26 26 26 26 26 26 30 
22 22 22 22 22 22 22 22 22 22 22 22 22 22 22 22 22 22 22 26 22 26 26 26 26 26 26 26 26 26 26 26 26 26 26 26 26 30 
22 22 22 22 22 22 22 22 22 22 22 22 22 22 22 22 22 22 22 26 22 26 26 26 26 26 26 26 26 26 26 26 26 26 26 26 26 30 
22 22 22 22 22 22 22 22 22 22 22 22 22 22 22 22 22 22 22 26 22 26 26 26 26 26 26 26 26 26 26 26 26 26 26 26 26 30 
22 22 22 22 22 22 22 22 22 22 22 22 22 22 22 22 22 22 22 26 22 26 26 26 26 26 26 26 26 26 26 26 26 26 26 26 26 30 
22 22 22 22 22 22 22 22 22 22 22 22 22 22 22 22 22 22 22 26 30 30 30 30 30 30 30 30 30 30 30 30 30 30 30 30 30 30 
22 22 22 22 22 22 22 22 22 22 22 22 22 22 22 22 22 22 22 31 31 31 31 31 31 31 31 31 31 31 31 31 31 31 31 31 31 31 
22 22 22 22 22 22 22 22 22 22 22 22 22 22 22 22 22 22 22 22 22 22 22 22 22 22 22 22 22 22 22 22 22 22 22 22 22 22 
22 22 22 22 22 22 22 22 22 22 22 22 22 22 22 22 22 22 22 22 22 22 22 22 22 22 22 22 22 22 22 22 22 22 22 22 22 22 
22 22 22 22 22 22 22 22 22 22 22 22 22 22 22 22 22 22 22 22 22 22 22 22 22 22 22 22 22 22 22 22 22 22 22 22 22 22 
22 22 22 22 22 22 22 56 56 56 56 56 56 56 56 56 22 22 22 22 22 22 22 22 22 22 22 22 22 22 22 22 22 22 22 22 22 22 
22 22 22 22 22 22 22 56 80 80 56 80 80 56 56 56 56 56 22 22 22 22 22 22 22 22 22 22 22 22 22 22 22 22 22 22 22 22 
22 22 22 22 22 22 22 56 80 80 56 80 80 56 80 80 80 56 56 56 22 22 22 22 22 22 22 22 22 22 22 22 22 22 22 22 22 22 
22 22 22 22 22 22 22 56 80 80 80 80 80 56 80 81 80 80 80 56 56 56 22 22 22 22 22 22 22 22 22 22 22 22 22 22 22 22 
22 22 22 22 22 22 22 56 80 80 80 80 80 56 80 81 81 81 80 80 80 56 56 56 22 22 22 22 22 22 22 22 22 22 22 22 22 22 
22 22 22 22 22 22 22 56 80 80 56 80 80 56 80 81 81 81 81 81 80 80 80 56 56 22 22 22 22 22 22 22 22 22 22 22 22 22 
22 22 22 22 22 22 22 56 56 80 56 80 80 56 80 80 80 80 80 80 80 80 80 80 56 56 22 22 22 22 22 22 22 22 22 22 22 22 
22 22 22 22 22 22 22 22 56 56 56 56 56 56 56 56 56 56 56 56 56 56 56 56 56 56 22 22 22 22 22 22 22 22 22 22 22 22 
22 22 22 22 22 22 22 22 22 22 56 56 56 56 56 56 56 56 56 56 56 22 22 22 22 22 22 22 22 22 22 22 22 22 22 22 22 22 
22 22 22 22 22 22 56 56 56 56 56 56 56 56 56 56 56 56 56 56 56 56 56 56 56 56 56 56 22 22 22 22 22 22 22 22 22 22 
22 22 22 22 22 56 56 80 80 80 80 80 80 80 56 56 80 80 80 80 80 80 80 80 56 56 56 56 56 56 22 22 22 22 22 22 22 22 
22 22 22 22 56 56 56 56 80 80 81 81 81 80 56 56 80 80 81 81 81 81 81 80 80 80 56 56 80 56 56 22 22 22 22 22 22 22 
22 22 22 22 56 80 80 56 56 80 80 81 81 80 56 56 80 80 80 81 81 81 81 81 81 80 80 56 56 80 56 56 22 22 22 22 22 22 
22 22 22 22 56 80 81 80 56 56 80 80 80 56 64 64 56 56 80 80 81 81 81 81 81 81 80 80 56 56 80 56 56 22 22 22 22 22 
22 22 22 22 56 80 81 81 80 56 56 80 56 31 31 64 64 56 56 80 80 80 80 80 80 80 80 80 80 80 80 80 56 56 22 22 22 22 
22 22 22 22 56 56 56 56 56 56 56 56 64 31 64 64 64 64 56 56 56 56 56 56 56 56 56 56 56 56 56 56 56 56 22 22 22 22 
22 22 22 22 56 56 56 56 56 56 56 56 64 64 64 64 64 64 56 56 56 56 56 56 56 56 56 56 56 56 56 56 56 56 22 22 22 22 
22 22 22 22 56 80 81 81 80 56 56 80 56 64 64 64 64 56 56 80 80 80 80 80 80 80 80 80 80 80 80 80 56 56 22 22 22 22 
22 22 22 22 56 80 81 80 56 56 80 80 80 56 64 64 56 56 80 80 81 81 81 81 81 81 80 80 56 56 80 56 56 22 22 22 22 22 
22 22 22 22 56 80 80 56 56 80 80 81 81 80 56 56 80 80 80 81 81 81 81 81 81 80 80 56 56 80 56 56 22 22 22 22 22 22 
22 22 22 22 56 56 56 56 80 80 81 81 81 80 56 56 80 80 81 81 81 81 81 80 80 80 56 56 80 56 56 22 22 22 22 22 22 22 
22 22 22 22 22 56 56 80 80 80 80 80 80 80 56 56 80 80 80 80 80 80 80 80 56 56 56 56 56 56 22 22 22 22 22 22 22 22 
22 22 22 22 22 22 56 56 56 56 56 56 56 56 56 56 56 56 56 56 56 56 56 56 56 56 56 56 22 22 22 22 22 22 22 22 22 22 
22 22 22 22 22 22 22 22 22 22 56 56 56 56 56 56 56 56 56 56 56 22 22 22 22 22 22 22 22 22 22 22 22 22 22 22 22 22 
22 22 22 22 22 22 22 22 56 56 56 56 56 56 56 56 56 56 56 56 56 56 56 56 56 56 22 22 22 22 22 22 22 22 22 22 22 22 
22 22 22 22 22 22 22 56 56 80 56 80 80 56 80 80 80 80 80 80 80 80 80 80 56 56 22 22 22 22 22 22 22 22 22 22 22 22 
22 22 22 22 22 22 22 56 80 80 56 80 80 56 80 81 81 81 81 81 80 80 80 56 56 22 22 22 22 22 22 22 22 22 22 22 22 22 
22 22 22 22 22 22 22 56 80 80 80 80 80 56 80 81 81 81 80 80 80 56 56 56 22 22 22 22 22 22 22 22 22 22 22 22 22 22 
22 22 22 22 22 22 22 56 80 80 80 80 80 56 80 81 80 80 80 56 56 56 22 22 22 22 22 22 22 22 22 22 22 22 22 22 22 22 
22 22 22 22 22 22 22 56 80 80 56 80 80 56 80 80 80 56 56 56 22 22 22 22 22 22 22 22 22 22 22 22 22 22 22 22 22 22 
22 22 22 22 22 22 22 56 80 80 56 80 80 56 56 56 56 56 22 22 22 22 22 22 22 22 22 22 22 22 22 22 22 22 22 22 22 22 
28 22 22 22 22 22 22 56 56 56 56 56 56 56 56 56 22 22 22 22 22 22 22 22 22 22 22 22 22 22 22 22 22 22 22 22 22 64 
28 64 22 22 22 22 22 22 22 22 22 22 22 22 22 22 22 22 22 22 22 22 22 22 22 22 22 22 22 22 22 22 22 22 22 22 64 40 
