104 38
56 80 22 22 22 22 22 22 22 22 22 22 22 22 22 22 22 22 22 26 26 26 26 26 26 26 26 26 26 26 26 26 26 26 26 26 26 26 
80 22 22 22 22 22 22 22 22 22 22 22 22 22 22 22 22 22 22 26 22 22 22 22 22 22 22 22 22 22 22 22 22 22 22 22 22 30 
22 22 22 22 22 22 22 22 22 22 22 22 22 22 22 22 22 22 22 26 22 26 26 26 26 26 26 26 26 26 26 26 26 26 26 26 26 30 
22 22 22 22 22 22 22 22 22 22 22 22 22 22 22 22 22 22 22 26 22 26 26 26 26 26 26 26 26 26 26 26 26 26 26 26 26 30 
22 22 22 22 22 22 22 22 22 22 22 22 22 22 22 22 22 22 22 26 22 26 26 26 26 26 26 26 26 26 26 26 26 26 26 26 26 30 
22 22 22 22 22 22 22 22 22 22 22 22 22 22 22 22 22 22 22 26 22 26 26 26 26 26 26 26 26 26 26 26 26 26 26 26 26 30 
22 22 22 22 22 22 22 22 22 22 22 22 22 22 22 22 22 22 22 26 22 26 26 26 26 26 26 26 26 26 26 26 26 26 26 26 26 30 
22 22 22 22 22 22 22 22 22 22 22 22 22 22 22 22 22 22 22 26 22 26 26 26 26 26 26 26 26 26 26 26 26 26 26 26 26 30 
22 22 22 22 22 22 22 22 22 22 22 22 22 22 22 22 22 22 22 26 22 26 26 26 26 26 26 26 26 26 26 26 26 26 26 26 26 30 
22 22 22 22 22 22 22 22 22 22 22 22 22 22 22 22 22 22 22 26 22 26 26 26 26 26 26 26 26 26 26 26 26 26 26 26 26 30 
22 22 22 22 22 22 22 22 22 22 22 22 22 22 22 22 22 22 22 26 22 26 26 26 26 26 26 26 26 26 26 26 26 26 26 26 26 30 
22 22 22 22 22 22 22 22 22 22 22 22 22 22 22 22 22 22 22 26 22 26 26 26 26 26 26 26 26 26 26 26 26 26 26 26 26 30 
22 22 22 22 22 22 22 22 22 22 22 22 22 22 22 22 22 22 22 26 22 26 26 26 26 26 26 26 26 26 26 26 26 26 26 26 26 30 
22 22 22 22 22 89 89 89 89 89 89 89 89 89 22 22 22 22 22 26 22 26 26 26 26 26 26 26 26 26 26 26 26 26 26 26 26 30 
22 22 22 22 22 22 89 89 89 89 89 89 89 89 89 89 22 22 22 26 22 26 26 26 26 26 26 26 26 26 26 26 26 26 26 26 26 30 
22 22 22 22 22 22 22 22 22 22 22 22 89 89 89 89 89 22 22 26 22 26 26 26 26 26 26 26 26 26 26 26 26 26 26 26 26 30 
22 22 22 22 22 22 22 22 22 22 89 89 89 89 89 22 22 22 22 26 22 26 26 26 26 26 26 26 26 26 26 26 26 26 26 26 26 30 
22 22 22 22 22 22 22 22 22 22 22 89 89 89 22 22 22 22 22 26 22 26 26 26 26 26 26 26 26 26 26 26 26 26 26 26 26 30 
22 22 22 22 22 22 22 22 22 22 22 22 22 89 89 89 22 22 22 26 22 26 26 26 26 26 26 26 26 26 26 26 26 26 26 26 26 30 
22 22 22 22 22 89 89 89 89 89 89 89 89 89 89 89 89 22 22 26 22 26 26 26 26 26 26 26 26 26 26 26 26 26 26 26 26 30 
22 22 22 22 22 22 89 89 89 89 89 89 89 89 89 22 22 22 22 26 22 26 26 26 26 26 26 26 26 26 26 26 26 26 26 26 26 30 
22 22 22 22 22 89 89 89 89 89 89 89 89 89 89 89 22 22 22 26 22 26 26 26 26 26 26 26 26 26 26 26 26 26 26 26 26 30 
22 22 22 22 22 89 89 89 89 89 89 89 89 89 89 89 89 22 22 26 22 26 26 26 26 26 26 26 26 26 26 26 26 26 26 26 26 30 
22 22 22 22 22 89 89 22 22 22 89 89 22 22 22 89 89 22 22 26 22 26 26 26 26 26 26 26 26 26 26 26 26 26 26 26 26 30 
22 22 22 22 22 89 89 22 22 22 89 89 22 22 22 89 89 22 22 26 22 26 26 26 26 26 26 26 26 26 26 26 26 26 26 26 26 30 
22 22 22 22 22 89 89 22 22 22 89 89 22 22 22 89 89 22 22 26 22 26 26 26 26 26 26 26 26 26 26 26 26 26 26 26 26 30 
22 22 22 22 22 89 89 22 22 22 22 89 22 22 22 89 89 22 22 26 22 26 26 26 26 26 26 26 26 26 26 26 26 26 26 26 26 30 
22 22 22 22 22 22 89 22 22 22 22 22 22 22 22 22 89 22 22 26 22 26 26 26 26 26 26 26 26 26 26 26 26 26 26 26 26 30 
22 22 22 22 22 22 22 22 22 22 22 22 22 22 22 22 22 22 22 26 22 26 26 26 26 26 26 26 26 26 26 26 26 26 26 26 26 30 
22 22 22 22 22 22 22 22 89 89 89 89 89 89 89 89 22 22 22 26 22 26 26 26 26 26 26 26 26 26 26 26 26 26 26 26 26 30 
22 22 22 22 22 22 22 89 89 89 89 89 89 89 89 89 89 22 22 26 22 26 26 26 26 26 26 26 26 26 26 26 26 26 26 26 26 30 
22 22 22 22 22 22 89 89 89 22 22 22 89 89 22 22 22 22 22 26 22 26 26 26 26 26 26 26 26 26 26 26 26 26 26 26 26 30 
22 22 22 22 22 89 89 89 22 22 22 22 89 89 22 22 22 22 22 26 22 26 26 26 26 26 26 26 26 26 26 26 26 26 26 26 26 30 
22 22 22 22 22 22 89 22 22 22 22 22 89 89 22 22 22 22 22 26 22 26 26 26 26 26 26 26 26 26 26 26 26 26 26 26 26 30 
22 22 22 22 22 22 22 89 22 22 22 22 89 89 22 22 22 22 22 26 22 26 26 26 26 26 26 26 26 26 26 26 26 26 26 26 26 30 
22 22 22 22 22 22 22 22 89 89 89 89 89 89 89 89 22 22 22 26 22 26 26 26 26 26 26 26 26 26 26 26 26 26 26 26 26 30 
22 22 22 22 22 22 22 22 22 89 89 89 89 89 89 89 89 22 22 26 22 26 26 26 26 26 26 26 26 26 26 26 26 26 26 26 26 30 
22 22 22 22 22 89 89 89 89 89 89 89 89 89 89 89 22 22 22 26 22 26 26 26 26 26 26 26 26 26 26 26 26 26 26 26 26 30 
22 22 22 22 22 89 89 89 89 89 89 89 89 89 89 89 89 22 22 26 22 26 26 26 26 26 26 26 26 26 26 26 26 26 26 26 26 30 
22 22 22 22 22 89 89 22 22 22 22 89 89 22 22 22 22 22 22 26 22 26 26 26 26 26 26 26 26 26 26 26 26 26 26 26 26 30 
22 22 22 22 22 89 89 22 22 22 22 89 89 22 22 22 22 22 22 26 22 26 26 26 26 26 26 26 26 26 26 26 26 26 26 26 26 30 
22 22 22 22 22 89 89 22 22 22 22 89 89 22 22 22 22 22 22 26 22 26 26 26 26 26 26 26 26 26 26 26 26 26 26 26 26 30 
22 22 22 22 22 22 89 22 22 22 89 89 89 22 22 22 22 22 22 26 22 26 26 26 26 26 26 26 26 26 26 26 26 26 26 26 26 30 
22 22 22 22 22 22 22 89 89 89 89 89 22 22 22 22 22 22 22 26 22 26 26 26 26 26 26 26 26 26 26 26 26 26 26 26 26 30 
22 22 22 22 22 22 22 22 89 89 89 22 22 22 22 22 22 22 22 26 22 26 26 26 26 26 26 26 26 26 26 26 26 26 26 26 26 30 
22 22 22 22 22 22 22 89 89 89 89 89 89 89 22 22 22 22 22 26 22 26 26 26 26 26 26 26 26 26 26 26 26 26 26 26 26 30 
22 22 22 22 22 22 89 89 89 89 89 89 89 89 89 22 22 22 22 26 22 26 26 26 26 26 26 26 26 26 26 26 26 26 26 26 26 30 
22 22 22 22 22 89 89 89 22 22 22 22 22 22 22 89 22 22 22 26 22 26 26 26 26 26 26 26 26 26 26 26 26 26 26 26 26 30 
22 22 22 22 22 89 89 22 22 22 22 22 22 22 22 89 89 22 22 26 22 26 26 26 26 26 26 26 26 26 26 26 26 26 26 26 26 30 
22 22 22 22 22 89 89 22 22 22 22 22 22 22 22 89 89 22 22 26 22 26 26 26 26 26 26 26 26 26 26 26 26 26 26 26 26 30 
22 22 22 22 22 22 89 22 22 22 22 22 22 22 89 89 89 22 22 26 22 26 26 26 26 26 26 26 26 26 26 26 26 26 26 26 26 30 
22 22 22 22 22 22 22 89 89 89 89 89 89 89 89 89 22 22 22 26 22 26 26 26 26 26 26 26 26 26 26 26 26 26 26 26 26 30 
22 22 22 22 22 22 22 22 89 89 89 89 89 89 89 22 22 22 22 26 22 26 26 26 26 26 26 26 26 26 26 26 26 26 26 26 26 30 
22 22 22 22 22 89 89 89 89 89 89 89 89 89 89 89 22 22 22 26 22 26 26 26 26 26 26 26 26 26 26 26 26 26 26 26 26 30 
22 22 22 22 22 22 89 89 89 89 89 89 89 89 89 89 89 22 22 26 22 26 26 26 26 26 26 26 26 26 26 26 26 26 26 26 26 30 
22 22 22 22 22 22 22 89 89 22 22 22 22 22 22 22 22 22 22 26 22 26 26 26 26 26 26 26 26 26 26 26 26 26 26 26 26 30 
22 22 22 22 22 22 22 22 89 89 89 22 22 22 22 22 22 22 22 26 22 26 26 26 26 26 26 26 26 26 26 26 26 26 26 26 26 30 
22 22 22 22 22 22 22 22 22 22 89 89 89 22 22 22 22 22 22 26 22 26 26 26 26 26 26 26 26 26 26 26 26 26 26 26 26 30 
22 22 22 22 22 22 22 22 22 22 22 22 89 89 22 22 22 22 22 26 22 26 26 26 26 26 26 26 26 26 26 26 26 26 26 26 26 30 
22 22 22 22 22 89 89 89 89 89 89 89 89 89 89 89 22 22 22 26 22 26 26 26 26 26 26 26 26 26 26 26 26 26 26 26 26 30 
22 22 22 22 22 22 89 89 89 89 89 89 89 89 89 89 89 22 22 26 22 26 26 26 26 26 26 26 26 26 26 26 26 26 26 26 26 30 
22 22 22 22 22 22 22 22 22 22 22 22 22 22 22 22 22 22 22 26 22 26 26 26 26 26 26 26 26 26 26 26 26 26 26 26 26 30 
22 22 22 22 22 22 22 22 22 22 22 22 22 22 22 22 22 22 22 26 22 26 26 26 26 26 26 26 26 26 26 26 26 26 26 26 26 30 
22 22 22 22 22 22 22 22 22 22 22 22 22 22 22 22 22 22 22 26 22 26 26 26 26 26 26 26 26 26 26 26 26 26 26 26 26 30 
22 22 22 22 22 22 22 22 22 22 22 22 22 22 22 22 22 22 22 26 22 26 26 26 26 26 26 26 26 26 26 26 26 26 26 26 26 30 
22 22 22 22 22 22 22 22 22 22 22 22 22 22 22 22 22 22 22 26 22 26 26 26 26 26 26 26 26 26 26 26 26 26 26 26 26 30 
22 22 22 22 22 22 22 22 22 22 22 22 22 22 22 22 22 22 22 26 30 30 30 30 30 30 30 30 30 30 30 30 30 30 30 30 30 30 
22 22 22 22 22 22 22 22 22 22 22 22 22 22 22 22 22 22 22 31 31 31 31 31 31 31 31 31 31 31 31 31 31 31 31 31 31 31 
22 22 22 22 22 22 22 22 22 22 22 22 22 22 22 22 22 22 22 22 22 22 22 22 22 22 22 22 22 22 22 22 22 22 22 22 22 22 
22 22 22 22 22 22 22 22 22 22 22 22 22 22 22 22 22 22 22 22 22 22 22 22 22 22 22 22 22 22 22 22 22 22 22 22 22 22 
22 22 22 22 22 22 22 22 22 22 22 22 22 22 22 22 22 22 22 22 22 22 22 22 22 22 22 22 22 22 22 22 22 22 22 22 22 22 
22 22 22 22 22 22 22 22 22 22 22 22 22 22 22 22 22 22 22 22 22 22 22 22 22 22 22 22 22 22 22 22 22 22 22 22 22 22 
22 22 22 22 22 22 22 22 22 22 22 22 22 22 22 22 22 22 22 22 22 22 22 22 22 22 22 22 22 22 22 22 22 22 22 22 22 22 
22 22 22 22 22 22 22 22 22 22 22 22 22 22 22 22 22 22 22 22 22 22 22 22 22 22 22 22 22 22 22 22 22 22 22 22 22 22 
22 22 22 22 22 22 22 22 22 22 22 22 22 22 22 22 22 22 22 22 22 22 22 22 22 22 22 22 22 22 22 22 22 22 22 22 22 22 
22 22 22 22 22 22 22 22 22 22 22 22 22 22 22 22 22 22 22 22 22 22 22 22 22 22 22 22 22 22 22 22 22 22 22 22 22 22 
22 22 22 22 22 22 22 22 22 22 22 22 22 22 22 22 22 22 22 22 22 22 22 22 22 22 22 22 22 22 22 22 22 22 22 22 22 22 
22 22 22 22 22 22 22 22 22 22 22 22 22 22 22 22 22 22 22 22 22 22 22 22 22 22 22 22 22 22 22 22 22 22 22 22 22 22 
22 22 22 22 22 22 22 22 22 22 22 22 22 22 22 22 22 22 22 22 22 22 22 22 22 22 22 22 22 22 22 22 22 22 22 22 22 22 
22 22 22 22 22 22 22 22 22 22 22 22 22 22 22 22 22 22 22 22 22 22 22 22 22 22 22 22 22 22 22 22 22 22 22 22 22 22 
22 22 22 22 22 22 22 22 22 22 22 22 22 22 22 22 22 22 22 22 22 22 22 22 22 22 22 22 22 22 22 22 22 22 22 22 22 22 
22 22 22 22 22 22 22 22 22 22 22 22 22 22 22 22 22 22 22 22 22 22 22 22 22 22 22 22 22 22 22 22 22 22 22 22 22 22 
22 22 22 22 22 22 22 22 22 22 22 22 22 22 22 22 22 22 22 22 22 22 22 22 22 22 22 22 22 22 22 22 22 22 22 22 22 22 
22 22 22 22 22 22 22 22 22 22 22 22 22 22 22 22 22 22 22 22 22 22 22 22 22 22 22 22 22 22 22 22 22 22 22 22 22 22 
22 22 22 22 22 22 22 22 22 22 22 22 22 22 22 22 22 22 22 22 22 22 22 22 22 22 22 22 22 22 22 22 22 22 22 22 22 22 
22 22 22 22 22 22 22 22 22 22 22 22 22 22 22 22 22 22 22 22 22 22 22 22 22 22 22 22 22 22 22 22 22 22 22 22 22 22 
22 22 22 22 22 22 22 22 22 22 22 22 22 22 22 22 22 22 22 22 22 22 22 22 22 22 22 22 22 22 22 22 22 22 22 22 22 22 
22 22 22 22 22 22 22 22 22 22 22 22 22 22 22 22 22 22 22 22 22 22 22 22 22 22 22 22 22 22 22 22 22 22 22 22 22 22 
22 22 22 22 22 22 22 22 22 22 22 22 22 22 22 22 22 22 22 22 22 22 22 22 22 22 22 22 22 22 22 22 22 22 22 22 22 22 
22 22 22 22 22 22 22 22 22 22 22 22 22 22 22 22 22 22 22 22 22 22 22 22 22 22 22 22 22 22 22 22 22 22 22 22 22 22 
22 22 22 22 22 22 22 22 22 22 22 22 22 22 22 22 22 22 22 22 22 22 22 22 22 22 22 22 22 22 22 22 22 22 22 22 22 22 
22 22 22 22 22 22 22 22 22 22 22 22 22 22 22 22 22 22 22 22 22 22 22 22 22 22 22 22 22 22 22 22 22 22 22 22 22 22 
22 22 22 22 22 22 22 22 22 22 22 22 22 22 22 22 22 22 22 22 22 22 22 22 22 22 22 22 22 22 22 22 22 22 22 22 22 22 
22 22 22 22 22 22 22 22 22 22 22 22 22 22 22 22 22 22 22 22 22 22 22 22 22 22 22 22 22 22 22 22 22 22 22 22 22 22 
22 22 22 22 22 22 22 22 22 22 22 22 22 22 22 22 22 22 22 22 22 22 22 22 22 22 22 22 22 22 22 22 22 22 22 22 22 22 
22 22 22 22 22 22 22 22 22 22 22 22 22 22 22 22 22 22 22 22 22 22 22 22 22 22 22 22 22 22 22 22 22 22 22 22 22 22 
22 22 22 22 22 22 22 22 22 22 22 22 22 22 22 22 22 22 22 22 22 22 22 22 22 22 22 22 22 22 22 22 22 22 22 22 22 22 
22 22 22 22 22 22 22 22 22 22 22 22 22 22 22 22 22 22 22 22 22 22 22 22 22 22 22 22 22 22 22 22 22 22 22 22 22 22 
22 22 22 22 22 22 22 22 22 22 22 22 22 22 22 22 22 22 22 22 22 22 22 22 22 22 22 22 22 22 22 22 22 22 22 22 22 22 
22 22 22 22 22 22 22 22 22 22 22 22 22 22 22 22 22 22 22 22 22 22 22 22 22 22 22 22 22 22 22 22 22 22 22 22 22 22 
22 22 22 22 22 22 22 22 22 22 22 22 22 22 22 22 22 22 22 22 22 22 22 22 22 22 22 22 22 22 22 22 22 22 22 22 22 22 
22 22 22 22 22 22 22 22 22 22 22 22 22 22 22 22 22 22 22 22 22 22 22 22 22 22 22 22 22 22 22 22 22 22 22 22 22 22 
28 22 22 22 22 22 22 22 22 22 22 22 22 22 22 22 22 22 22 22 22 22 22 22 22 22 22 22 22 22 22 22 22 22 22 22 22 28 
28 80 22 22 22 22 22 22 22 22 22 22 22 22 22 22 22 22 22 22 22 22 22 22 22 22 22 22 22 22 22 22 22 22 22 22 80 28 
