104 38
40 64 22 22 22 22 22 22 22 22 22 22 22 22 22 22 22 22 22 26 26 26 26 26 26 26 26 26 26 26 26 26 26 26 26 26 26 26 
64 22 22 22 22 22 22 22 22 22 22 22 22 22 22 22 22 22 22 26 22 22 22 22 22 22 22 22 22 22 22 22 22 22 22 22 22 30 
22 22 22 22 22 22 22 22 22 22 22 22 22 22 22 22 22 22 22 26 22 26 26 26 26 26 26 26 26 26 26 26 26 26 26 26 26 30 
22 22 22 22 22 22 22 22 22 22 22 22 22 22 22 22 22 22 22 26 22 26 26 26 26 26 26 26 26 26 26 26 26 26 26 26 26 30 
22 22 22 22 22 22 22 22 22 22 22 22 22 22 22 22 22 22 22 26 22 26 26 26 26 26 26 26 26 26 26 26 26 26 26 26 26 30 
22 22 22 22 22 22 22 22 22 22 22 22 22 22 22 22 22 22 22 26 22 26 26 26 26 26 26 26 26 26 26 26 26 26 26 26 26 30 
22 22 22 22 22 22 22 22 22 22 22 22 22 22 22 22 22 22 22 26 22 26 26 26 26 26 26 26 26 26 26 26 26 26 26 26 26 30 
22 22 22 22 22 22 22 22 22 22 22 22 22 22 22 22 22 22 22 26 22 26 26 26 26 26 26 26 26 26 26 26 26 26 26 26 26 30 
22 22 22 22 22 22 22 22 22 22 22 22 22 22 22 22 22 22 22 26 22 26 26 26 26 26 26 26 26 26 26 26 26 26 26 26 26 30 
22 22 22 22 22 22 22 22 22 22 22 22 22 22 22 22 22 22 22 26 22 26 26 26 26 26 26 26 26 26 26 26 26 26 26 26 26 30 
22 22 22 22 22 22 22 22 22 22 22 22 22 22 22 22 22 22 22 26 22 26 26 26 26 26 26 26 26 26 26 26 26 26 26 26 26 30 
22 22 22 22 22 22 22 22 22 22 22 22 22 22 22 22 22 22 22 26 22 26 26 26 26 26 26 26 26 26 26 26 26 26 26 26 26 30 
22 22 22 22 22 22 22 22 22 22 22 22 22 22 22 22 22 22 22 26 22 26 26 26 26 26 26 26 26 26 26 26 26 26 26 26 26 30 
22 22 22 22 22 89 89 89 89 89 89 89 89 89 22 22 22 22 22 26 22 26 26 26 26 26 26 26 26 26 26 26 26 26 26 26 26 30 
22 22 22 22 22 22 89 89 89 89 89 89 89 89 89 89 22 22 22 26 22 26 26 26 26 26 26 26 26 26 26 26 26 26 26 26 26 30 
22 22 22 22 22 22 22 22 22 22 22 22 89 89 89 89 89 22 22 26 22 26 26 26 26 26 26 26 26 26 26 26 26 26 26 26 26 30 
22 22 22 22 22 22 22 22 22 22 89 89 89 89 89 22 22 22 22 26 22 26 26 26 26 26 26 26 26 26 26 26 26 26 26 26 26 30 
22 22 22 22 22 22 22 22 22 22 22 89 89 89 22 22 22 22 22 26 22 26 26 26 26 26 26 26 26 26 26 26 26 26 26 26 26 30 
22 22 22 22 22 22 22 22 22 22 22 22 22 89 89 89 22 22 22 26 22 26 26 26 26 31 26 26 26 26 26 26 26 31 26 26 26 30 
22 22 22 22 22 89 89 89 89 89 89 89 89 89 89 89 89 22 22 26 22 26 26 26 26 31 31 31 31 31 31 31 31 31 26 26 26 30 
22 22 22 22 22 22 89 89 89 89 89 89 89 89 89 22 22 22 22 26 22 26 26 26 26 31 31 31 31 31 31 31 31 31 26 26 26 30 
22 22 22 22 22 89 89 89 89 89 89 89 89 89 89 89 22 22 22 26 22 26 26 26 26 31 26 26 26 26 26 26 26 31 26 26 26 30 
22 22 22 22 22 89 89 89 89 89 89 89 89 89 89 89 89 22 22 26 22 26 26 26 26 26 26 26 26 26 26 26 26 26 26 26 26 30 
22 22 22 22 22 89 89 22 22 22 89 89 22 22 22 89 89 22 22 26 22 26 26 26 26 26 26 26 26 26 26 26 26 26 26 26 26 30 
22 22 22 22 22 89 89 22 22 22 89 89 22 22 22 89 89 22 22 26 22 26 26 26 26 26 26 31 31 31 31 31 31 31 26 26 26 30 
22 22 22 22 22 89 89 22 22 22 89 89 22 22 22 89 89 22 22 26 22 26 26 26 26 26 26 31 31 31 31 31 31 31 26 26 26 30 
22 22 22 22 22 89 89 22 22 22 22 89 22 22 22 89 89 22 22 26 22 26 26 26 26 26 26 26 31 26 26 26 26 26 26 26 26 30 
22 22 22 22 22 22 89 22 22 22 22 22 22 22 22 22 89 22 22 26 22 26 26 26 26 26 26 31 31 26 26 26 26 26 26 26 26 30 
22 22 22 22 22 22 22 22 22 22 22 22 22 22 22 22 22 22 22 26 22 26 26 26 26 26 26 31 31 26 26 26 26 26 26 26 26 30 
22 22 22 22 22 22 22 22 89 89 89 89 89 89 89 89 22 22 22 26 22 26 26 26 26 26 26 26 26 26 26 26 26 26 26 26 26 30 
22 22 22 22 22 22 22 89 89 89 89 89 89 89 89 89 89 22 22 26 22 26 26 26 26 26 26 26 31 31 31 31 31 26 26 26 26 30 
22 22 22 22 22 22 89 89 89 22 22 22 89 89 22 22 22 22 22 26 22 26 26 26 26 26 26 31 31 31 31 31 31 31 26 26 26 30 
22 22 22 22 22 89 89 89 22 22 22 22 89 89 22 22 22 22 22 26 22 26 26 26 26 26 26 31 26 26 26 26 26 31 26 26 26 30 
22 22 22 22 22 22 89 22 22 22 22 22 89 89 22 22 22 22 22 26 22 26 26 26 26 26 26 31 26 26 26 26 26 31 26 26 26 30 
22 22 22 22 22 22 22 89 22 22 22 22 89 89 22 22 22 22 22 26 22 26 26 26 26 26 26 31 26 26 26 26 26 31 26 26 26 30 
22 22 22 22 22 22 22 22 89 89 89 89 89 89 89 89 22 22 22 26 22 26 26 26 26 26 26 31 31 31 31 31 31 31 26 26 26 30 
22 22 22 22 22 22 22 22 22 89 89 89 89 89 89 89 89 22 22 26 22 26 26 26 26 26 26 26 31 31 31 31 31 26 26 26 26 30 
22 22 22 22 22 89 89 89 89 89 89 89 89 89 89 89 22 22 22 26 22 26 26 26 26 26 26 26 26 26 26 26 26 26 26 26 26 30 
22 22 22 22 22 89 89 89 89 89 89 89 89 89 89 89 89 22 22 26 22 26 26 26 26 26 26 26 26 26 26 26 26 26 26 26 26 30 
22 22 22 22 22 89 89 22 22 22 22 89 89 22 22 22 22 22 22 26 22 26 26 26 26 26 26 31 31 31 31 31 31 31 26 26 26 30 
22 22 22 22 22 89 89 22 22 22 22 89 89 22 22 22 22 22 22 26 22 26 26 26 26 26 26 31 31 31 31 31 31 31 26 26 26 30 
22 22 22 22 22 89 89 22 22 22 22 89 89 22 22 22 22 22 22 26 22 26 26 26 26 26 26 26 31 26 26 26 26 26 26 26 26 30 
22 22 22 22 22 22 89 22 22 22 89 89 89 22 22 22 22 22 22 26 22 26 26 26 26 26 26 31 26 26 26 26 26 26 26 26 26 30 
22 22 22 22 22 22 22 89 89 89 89 89 22 22 22 22 22 22 22 26 22 26 26 26 26 26 26 31 26 26 26 26 26 26 26 26 26 30 
22 22 22 22 22 22 22 22 89 89 89 22 22 22 22 22 22 22 22 26 22 26 26 26 26 26 26 31 31 31 31 31 31 31 26 26 26 30 
22 22 22 22 22 22 22 89 89 89 89 89 89 89 22 22 22 22 22 26 22 26 26 26 26 26 26 26 31 31 31 31 31 31 26 26 26 30 
22 22 22 22 22 22 89 89 89 89 89 89 89 89 89 22 22 22 22 26 22 26 26 26 26 26 26 26 26 26 26 26 26 26 26 26 26 30 
22 22 22 22 22 89 89 89 22 22 22 22 22 22 22 89 22 22 22 26 22 26 26 26 26 26 26 26 26 26 26 26 26 26 26 26 26 30 
22 22 22 22 22 89 89 22 22 22 22 22 22 22 22 89 89 22 22 26 22 26 26 26 26 26 26 26 26 26 26 26 26 26 26 26 26 30 
22 22 22 22 22 89 89 22 22 22 22 22 22 22 22 89 89 22 22 26 22 26 26 26 26 26 26 26 26 26 26 26 26 26 26 26 26 30 
22 22 22 22 22 22 89 22 22 22 22 22 22 22 89 89 89 22 22 26 22 26 26 26 26 26 26 26 26 26 26 26 26 26 26 26 26 30 
22 22 22 22 22 22 22 89 89 89 89 89 89 89 89 89 22 22 22 26 22 26 26 26 26 26 26 26 26 26 26 26 26 26 26 26 26 30 
22 22 22 22 22 22 22 22 89 89 89 89 89 89 89 22 22 22 22 26 22 26 26 26 26 26 26 26 26 26 26 26 26 26 26 26 26 30 
22 22 22 22 22 89 89 89 89 89 89 89 89 89 89 89 22 22 22 26 22 26 26 26 26 26 26 26 26 26 26 26 26 26 26 26 26 30 
22 22 22 22 22 22 89 89 89 89 89 89 89 89 89 89 89 22 22 26 22 26 26 26 26 26 26 26 26 26 26 26 26 26 26 26 26 30 
22 22 22 22 22 22 22 89 89 22 22 22 22 22 22 22 22 22 22 26 22 26 26 26 26 26 26 26 26 26 26 26 26 26 26 26 26 30 
22 22 22 22 22 22 22 22 89 89 89 22 22 22 22 22 22 22 22 26 22 26 26 26 26 26 26 26 26 26 26 26 26 26 26 26 26 30 
22 22 22 22 22 22 22 22 22 22 89 89 89 22 22 22 22 22 22 26 22 26 26 26 26 26 26 26 26 26 26 26 26 26 26 26 26 30 
22 22 22 22 22 22 22 22 22 22 22 22 89 89 22 22 22 22 22 26 22 26 26 26 26 26 26 26 26 26 26 26 26 26 26 26 26 30 
22 22 22 22 22 89 89 89 89 89 89 89 89 89 89 89 22 22 22 26 22 26 26 26 26 26 26 26 26 26 26 26 26 26 26 26 26 30 
22 22 22 22 22 22 89 89 89 89 89 89 89 89 89 89 89 22 22 26 22 26 26 26 26 26 26 26 26 26 26 26 26 26 26 26 26 30 
22 22 22 22 22 22 22 22 22 22 22 22 22 22 22 22 22 22 22 26 22 26 26 26 26 26 26 26 26 26 26 26 26 26 26 26 26 30 
22 22 22 22 22 22 22 22 22 22 22 22 22 22 22 22 22 22 22 26 22 26 26 26 26 26 26 26 26 26 26 26 26 26 26 26 26 30 
22 22 22 22 22 22 22 22 22 22 22 22 22 22 22 22 22 22 22 26 22 26 26 26 26 26 26 26 26 26 26 26 26 26 26 26 26 30 
22 22 22 22 22 22 22 22 22 22 22 22 22 22 22 22 22 22 22 26 22 26 26 26 26 26 26 26 26 26 26 26 26 26 26 26 26 30 
22 22 22 22 22 22 22 22 22 22 22 22 22 22 22 22 22 22 22 26 22 26 26 26 26 26 26 26 26 26 26 26 26 26 26 26 26 30 
22 22 22 22 22 22 22 22 22 22 22 22 22 22 22 22 22 22 22 26 30 30 30 30 30 30 30 30 30 30 30 30 30 30 30 30 30 30 
22 22 22 22 22 22 22 22 22 22 22 22 22 22 22 22 22 22 22 31 31 31 31 31 31 31 31 31 31 31 31 31 31 31 31 31 31 31 
22 22 22 22 22 22 22 22 22 22 22 22 22 22 22 22 22 22 22 22 22 22 22 22 22 22 22 22 22 22 22 22 22 22 22 22 22 22 
22 22 22 22 22 22 22 22 22 22 22 22 22 22 22 22 22 22 22 22 22 22 22 22 22 22 22 22 22 22 22 22 22 22 22 22 22 22 
22 22 22 22 22 22 22 22 22 22 22 22 22 22 22 22 22 22 22 22 22 22 22 22 22 22 22 22 22 22 22 22 22 22 22 22 22 22 
22 22 22 22 22 22 22 22 22 22 22 22 22 22 22 22 22 22 22 22 22 22 22 22 22 22 22 22 22 22 22 22 22 22 22 22 22 22 
22 22 22 22 22 22 22 22 22 22 22 22 22 22 22 22 22 22 22 22 22 22 22 22 22 22 22 22 22 22 22 56 56 56 22 22 22 22 
22 22 22 22 22 22 22 22 22 22 22 22 22 22 22 22 22 22 22 22 22 22 22 22 22 22 22 22 22 22 56 80 80 56 22 22 22 22 
22 22 22 22 22 22 22 22 22 22 22 22 22 22 22 22 22 22 22 22 22 22 22 22 22 22 22 22 22 56 80 80 80 56 22 22 22 22 
22 22 22 22 22 22 22 22 22 22 22 22 22 22 22 22 22 22 22 22 22 22 22 22 22 22 22 22 56 80 80 80 56 22 22 22 22 22 
22 22 22 22 22 22 22 22 22 22 22 22 22 22 22 22 22 22 56 56 22 22 22 22 22 22 22 56 80 80 80 56 22 22 22 22 22 22 
22 22 22 22 22 22 22 22 22 22 22 22 22 22 22 22 22 56 56 80 56 22 22 22 22 22 56 80 80 80 56 22 22 22 22 22 22 22 
22 22 22 22 22 22 22 22 22 22 22 22 22 22 22 22 22 56 80 80 80 56 22 22 22 56 80 80 80 56 22 22 22 22 22 22 22 22 
22 22 22 22 22 22 22 22 22 22 22 22 22 22 22 22 22 22 56 80 80 80 56 22 56 80 80 80 56 22 22 22 22 22 22 22 22 22 
22 22 22 22 22 22 22 22 22 22 22 22 22 22 22 22 22 22 22 56 80 80 80 56 56 80 80 56 22 22 22 22 22 22 22 22 22 22 
22 22 22 22 22 22 22 22 22 22 22 22 22 22 22 22 22 22 22 22 56 80 80 80 56 56 56 22 22 22 22 22 22 22 22 22 22 22 
22 22 22 22 22 22 22 22 22 22 22 22 22 22 22 22 22 22 22 22 81 56 80 80 80 56 22 22 22 22 22 22 22 22 22 22 22 22 
22 22 22 22 22 22 22 22 22 22 22 22 22 22 22 22 22 22 22 81 81 81 56 80 80 80 56 22 22 22 22 22 22 22 22 22 22 22 
22 22 22 22 22 22 22 22 22 22 22 22 22 22 22 22 22 22 81 81 81 81 80 56 80 80 80 56 22 22 22 22 22 22 22 22 22 22 
22 22 22 22 22 22 22 22 22 22 22 22 22 22 22 22 22 31 31 31 81 81 80 80 56 80 80 80 56 22 22 22 22 22 22 22 22 22 
22 22 22 22 22 22 22 22 22 22 22 22 22 22 22 22 31 31 31 81 81 80 80 22 22 56 80 80 80 56 22 22 22 22 22 22 22 22 
22 22 22 22 22 22 22 22 22 22 22 22 22 22 22 31 31 31 81 81 80 80 22 22 22 22 56 80 56 56 22 22 22 22 22 22 22 22 
22 22 22 22 22 22 22 22 22 22 22 22 22 22 31 31 31 81 81 80 80 22 22 22 22 22 22 56 56 22 22 22 22 22 22 22 22 22 
22 22 22 22 22 22 22 22 22 22 22 22 22 31 31 31 81 81 80 80 22 22 22 22 22 22 22 22 22 22 22 22 22 22 22 22 22 22 
22 22 22 22 22 22 22 22 22 22 22 22 31 31 31 81 81 80 80 22 22 22 22 22 22 22 22 22 22 22 22 22 22 22 22 22 22 22 
22 22 22 22 22 22 22 22 22 22 22 31 31 31 81 81 80 80 22 22 22 22 22 22 22 22 22 22 22 22 22 22 22 22 22 22 22 22 
22 22 22 22 22 22 22 22 22 22 31 31 31 81 81 80 80 22 22 22 22 22 22 22 22 22 22 22 22 22 22 22 22 22 22 22 22 22 
22 22 22 22 22 22 22 22 22 31 31 31 81 81 80 80 22 22 22 22 22 22 22 22 22 22 22 22 22 22 22 22 22 22 22 22 22 22 
22 22 22 22 22 22 22 22 31 31 31 81 81 80 80 22 22 22 22 22 22 22 22 22 22 22 22 22 22 22 22 22 22 22 22 22 22 22 
22 22 22 22 22 22 22 31 31 31 81 81 80 80 22 22 22 22 22 22 22 22 22 22 22 22 22 22 22 22 22 22 22 22 22 22 22 22 
22 22 22 22 22 22 31 31 31 81 81 80 80 22 22 22 22 22 22 22 22 22 22 22 22 22 22 22 22 22 22 22 22 22 22 22 22 22 
22 22 22 22 22 81 31 31 81 81 80 80 22 22 22 22 22 22 22 22 22 22 22 22 22 22 22 22 22 22 22 22 22 22 22 22 22 22 
22 22 22 22 22 81 81 81 81 80 80 22 22 22 22 22 22 22 22 22 22 22 22 22 22 22 22 22 22 22 22 22 22 22 22 22 22 22 
22 22 22 22 22 81 81 81 80 80 22 22 22 22 22 22 22 22 22 22 22 22 22 22 22 22 22 22 22 22 22 22 22 22 22 22 22 22 
22 22 22 22 22 80 80 80 80 22 22 22 22 22 22 22 22 22 22 22 22 22 22 22 22 22 22 22 22 22 22 22 22 22 22 22 22 22 
22 22 22 22 22 22 22 22 22 22 22 22 22 22 22 22 22 22 22 22 22 22 22 22 22 22 22 22 22 22 22 22 22 22 22 22 22 22 
28 22 22 22 22 22 22 22 22 22 22 22 22 22 22 22 22 22 22 22 22 22 22 22 22 22 22 22 22 22 22 22 22 22 22 22 22 28 
28 64 22 22 22 22 22 22 22 22 22 22 22 22 22 22 22 22 22 22 22 22 22 22 22 22 22 22 22 22 22 22 22 22 22 22 64 28 
