104 38
40 64 22 22 22 22 22 22 22 22 22 22 22 22 22 22 22 22 22 26 26 26 26 26 26 26 26 26 26 26 26 26 26 26 26 26 26 26 
64 22 22 22 22 22 22 22 22 22 22 22 22 22 22 22 22 22 22 26 22 22 22 22 22 22 22 22 22 22 22 22 22 22 22 22 22 30 
22 22 22 22 22 22 22 22 22 22 22 22 22 22 22 22 22 22 22 26 22 26 26 26 26 26 26 26 26 26 26 26 26 26 26 26 26 30 
22 22 22 22 22 22 22 22 22 22 22 22 22 22 22 22 22 22 22 26 22 26 26 26 26 26 26 26 26 26 26 26 26 26 26 26 26 30 
22 22 22 22 22 22 22 22 22 22 22 22 22 22 22 22 22 22 22 26 22 26 26 26 26 26 26 26 26 26 26 26 26 26 26 26 26 30 
22 22 22 22 22 22 22 22 22 22 22 22 22 22 22 22 22 22 22 26 22 26 26 26 26 26 26 26 26 26 26 26 26 26 26 26 26 30 
22 22 22 22 22 22 22 22 22 22 22 22 22 22 22 22 22 22 22 26 22 26 26 26 26 26 26 26 26 26 26 26 26 26 26 26 26 30 
22 22 22 22 22 22 22 22 22 22 22 22 22 22 22 22 22 22 22 26 22 26 26 26 26 26 26 26 26 26 26 26 26 26 26 26 26 30 
22 22 22 22 22 22 22 22 22 22 22 22 22 22 22 22 22 22 22 26 22 26 26 26 26 26 26 26 26 26 26 26 26 26 26 26 26 30 
22 22 22 22 22 22 22 22 22 22 22 22 22 22 22 22 22 22 22 26 22 26 26 26 26 26 26 26 26 26 26 26 26 26 26 26 26 30 
22 22 22 22 22 22 22 22 22 22 22 22 22 22 22 22 22 22 22 26 22 26 26 26 26 31 31 31 31 31 31 31 31 31 26 26 26 30 
22 22 22 22 22 22 22 22 22 22 22 22 22 22 22 22 22 22 22 26 22 26 26 26 26 31 31 31 31 31 31 31 31 31 26 26 26 30 
22 22 22 22 22 22 22 22 22 22 22 22 22 22 22 22 22 22 22 26 22 26 26 26 26 26 26 26 31 31 26 26 26 26 26 26 26 30 
22 22 22 22 22 89 89 89 89 89 89 89 89 89 22 22 22 22 22 26 22 26 26 26 26 26 26 31 31 31 31 26 26 26 26 26 26 30 
22 22 22 22 22 22 89 89 89 89 89 89 89 89 89 89 22 22 22 26 22 26 26 26 26 26 31 31 26 26 31 31 26 26 26 26 26 30 
22 22 22 22 22 22 22 22 22 22 22 22 89 89 89 89 89 22 22 26 22 26 26 26 26 31 31 26 26 26 26 31 31 26 26 26 26 30 
22 22 22 22 22 22 22 22 22 22 89 89 89 89 89 22 22 22 22 26 22 26 26 26 26 31 26 26 26 26 26 26 31 31 26 26 26 30 
22 22 22 22 22 22 22 22 22 22 22 89 89 89 22 22 22 22 22 26 22 26 26 26 26 26 26 26 26 26 26 26 26 31 26 26 26 30 
22 22 22 22 22 22 22 22 22 22 22 22 22 89 89 89 22 22 22 26 22 26 26 26 26 26 26 26 26 26 26 26 26 26 26 26 26 30 
22 22 22 22 22 89 89 89 89 89 89 89 89 89 89 89 89 22 22 26 22 26 26 26 26 26 26 31 31 31 31 31 31 31 26 26 26 30 
22 22 22 22 22 22 89 89 89 89 89 89 89 89 89 22 22 22 22 26 22 26 26 26 26 26 26 31 31 31 31 31 31 31 26 26 26 30 
22 22 22 22 22 89 89 89 89 89 89 89 89 89 89 89 22 22 22 26 22 26 26 26 26 26 26 26 31 26 26 26 26 26 26 26 26 30 
22 22 22 22 22 89 89 89 89 89 89 89 89 89 89 89 89 22 22 26 22 26 26 26 26 26 26 31 26 26 26 26 26 26 26 26 26 30 
22 22 22 22 22 89 89 22 22 22 89 89 22 22 22 89 89 22 22 26 22 26 26 26 26 26 26 31 26 26 26 26 26 26 26 26 26 30 
22 22 22 22 22 89 89 22 22 22 89 89 22 22 22 89 89 22 22 26 22 26 26 26 26 26 26 31 31 31 31 31 31 31 26 26 26 30 
22 22 22 22 22 89 89 22 22 22 89 89 22 22 22 89 89 22 22 26 22 26 26 26 26 26 26 26 31 31 31 31 31 31 26 26 26 30 
22 22 22 22 22 89 89 22 22 22 22 89 22 22 22 89 89 22 22 26 22 26 26 26 26 26 26 26 26 26 26 26 26 26 26 26 26 30 
22 22 22 22 22 22 89 22 22 22 22 22 22 22 22 22 89 22 22 26 22 26 26 26 26 26 26 26 26 26 26 26 26 26 26 26 26 30 
22 22 22 22 22 22 22 22 22 22 22 22 22 22 22 22 22 22 22 26 22 26 26 26 31 31 26 31 31 31 31 31 31 31 26 26 26 30 
22 22 22 22 22 22 22 22 89 89 89 89 89 89 89 89 22 22 22 26 22 26 26 26 31 31 26 31 31 31 31 31 31 31 26 26 26 30 
22 22 22 22 22 22 22 89 89 89 89 89 89 89 89 89 89 22 22 26 22 26 26 26 26 26 26 26 26 26 26 26 26 26 26 26 26 30 
22 22 22 22 22 22 89 89 89 22 22 22 89 89 22 22 22 22 22 26 22 26 26 26 26 26 26 26 26 26 26 26 26 26 26 26 26 30 
22 22 22 22 22 89 89 89 22 22 22 22 89 89 22 22 22 22 22 26 22 26 26 26 26 26 26 26 31 31 31 31 31 26 26 26 26 30 
22 22 22 22 22 22 89 22 22 22 22 22 89 89 22 22 22 22 22 26 22 26 26 26 26 26 26 31 31 31 31 31 31 31 26 26 31 30 
22 22 22 22 22 22 22 89 22 22 22 22 89 89 22 22 22 22 22 26 22 26 26 26 26 26 26 31 26 26 26 26 26 31 26 26 31 30 
22 22 22 22 22 22 22 22 89 89 89 89 89 89 89 89 22 22 22 26 22 26 26 26 26 26 26 31 26 26 26 26 26 31 26 26 31 30 
22 22 22 22 22 22 22 22 22 89 89 89 89 89 89 89 89 22 22 26 22 26 26 26 26 26 26 31 26 26 26 26 31 26 26 26 31 30 
22 22 22 22 22 89 89 89 89 89 89 89 89 89 89 89 22 22 22 26 22 26 26 26 26 26 26 31 31 31 31 31 31 31 31 31 31 30 
22 22 22 22 22 89 89 89 89 89 89 89 89 89 89 89 89 22 22 26 22 26 26 26 26 26 26 31 31 31 31 31 31 31 31 31 26 30 
22 22 22 22 22 89 89 22 22 22 22 89 89 22 22 22 22 22 22 26 22 26 26 26 26 26 26 26 26 26 26 26 26 26 26 26 26 30 
22 22 22 22 22 89 89 22 22 22 22 89 89 22 22 22 22 22 22 26 22 26 26 26 26 26 26 26 26 26 26 26 26 26 26 26 26 30 
22 22 22 22 22 89 89 22 22 22 22 89 89 22 22 22 22 22 22 26 22 26 26 26 31 31 31 31 31 31 31 31 31 31 26 26 26 30 
22 22 22 22 22 22 89 22 22 22 89 89 89 22 22 22 22 22 22 26 22 26 26 26 31 31 31 31 31 31 31 31 31 31 26 26 26 30 
22 22 22 22 22 22 22 89 89 89 89 89 22 22 22 22 22 22 22 26 22 26 26 26 26 26 26 26 31 26 26 26 26 26 26 26 26 30 
22 22 22 22 22 22 22 22 89 89 89 22 22 22 22 22 22 22 22 26 22 26 26 26 26 26 26 31 26 26 26 26 26 26 26 26 26 30 
22 22 22 22 22 22 22 89 89 89 89 89 89 89 22 22 22 22 22 26 22 26 26 26 26 26 26 31 26 26 26 26 26 26 26 26 26 30 
22 22 22 22 22 22 89 89 89 89 89 89 89 89 89 22 22 22 22 26 22 26 26 26 26 26 26 31 31 31 31 31 31 31 26 26 26 30 
22 22 22 22 22 89 89 89 22 22 22 22 22 22 22 89 22 22 22 26 22 26 26 26 26 26 26 26 31 31 31 31 31 31 26 26 26 30 
22 22 22 22 22 89 89 22 22 22 22 22 22 22 22 89 89 22 22 26 22 26 26 26 26 26 26 26 26 26 26 26 26 26 26 26 26 30 
22 22 22 22 22 89 89 22 22 22 22 22 22 22 22 89 89 22 22 26 22 26 26 26 26 26 26 31 26 26 26 26 26 26 26 26 26 30 
22 22 22 22 22 22 89 22 22 22 22 22 22 22 89 89 89 22 22 26 22 26 26 26 26 31 31 31 31 31 31 31 31 26 26 26 26 30 
22 22 22 22 22 22 22 89 89 89 89 89 89 89 89 89 22 22 22 26 22 26 26 26 26 31 31 31 31 31 31 31 31 31 26 26 26 30 
22 22 22 22 22 22 22 22 89 89 89 89 89 89 89 22 22 22 22 26 22 26 26 26 26 26 26 31 26 26 26 26 26 31 26 26 26 30 
22 22 22 22 22 89 89 89 89 89 89 89 89 89 89 89 22 22 22 26 22 26 26 26 26 26 26 31 26 26 26 26 26 31 26 26 26 30 
22 22 22 22 22 22 89 89 89 89 89 89 89 89 89 89 89 22 22 26 22 26 26 26 26 26 26 26 26 26 26 26 26 26 26 26 26 30 
22 22 22 22 22 22 22 89 89 22 22 22 22 22 22 22 22 22 22 26 22 26 26 26 26 26 26 26 26 26 26 26 26 26 26 26 26 30 
22 22 22 22 22 22 22 22 89 89 89 22 22 22 22 22 22 22 22 26 22 26 26 26 26 26 26 26 26 26 26 26 26 26 26 26 26 30 
22 22 22 22 22 22 22 22 22 22 89 89 89 22 22 22 22 22 22 26 22 26 26 26 26 26 26 26 26 26 26 26 26 26 26 26 26 30 
22 22 22 22 22 22 22 22 22 22 22 22 89 89 22 22 22 22 22 26 22 26 26 26 26 26 26 26 26 26 26 26 26 26 26 26 26 30 
22 22 22 22 22 89 89 89 89 89 89 89 89 89 89 89 22 22 22 26 22 26 26 26 26 26 26 26 26 26 26 26 26 26 26 26 26 30 
22 22 22 22 22 22 89 89 89 89 89 89 89 89 89 89 89 22 22 26 22 26 26 26 26 26 26 26 26 26 26 26 26 26 26 26 26 30 
22 22 22 22 22 22 22 22 22 22 22 22 22 22 22 22 22 22 22 26 22 26 26 26 26 26 26 26 26 26 26 26 26 26 26 26 26 30 
22 22 22 22 22 22 22 22 22 22 22 22 22 22 22 22 22 22 22 26 22 26 26 26 26 26 26 26 26 26 26 26 26 26 26 26 26 30 
22 22 22 22 22 22 22 22 22 22 22 22 22 22 22 22 22 22 22 26 22 26 26 26 26 26 26 26 26 26 26 26 26 26 26 26 26 30 
22 22 22 22 22 22 22 22 22 22 22 22 22 22 22 22 22 22 22 26 22 26 26 26 26 26 26 26 26 26 26 26 26 26 26 26 26 30 
22 22 22 22 22 22 22 22 22 22 22 22 22 22 22 22 22 22 22 26 22 26 26 26 26 26 26 26 26 26 26 26 26 26 26 26 26 30 
22 22 22 22 22 22 22 22 22 22 22 22 22 22 22 22 22 22 22 26 30 30 30 30 30 30 30 30 30 30 30 30 30 30 30 30 30 30 
22 22 22 22 22 22 22 22 22 22 22 22 22 22 22 22 22 22 22 31 31 31 31 31 31 31 31 31 31 31 31 31 31 31 31 31 31 31 
22 22 22 22 22 22 22 22 22 22 22 22 22 22 22 22 22 22 22 22 22 22 22 22 22 22 22 22 22 22 22 22 22 22 22 22 22 22 
22 22 22 22 22 22 22 22 22 22 22 22 22 22 22 22 22 22 22 22 22 22 22 22 22 22 22 22 22 22 22 22 22 22 22 22 22 22 
22 22 22 22 22 22 22 22 22 22 22 22 22 22 22 22 22 22 22 22 22 22 22 22 22 22 22 22 22 22 22 22 22 22 22 22 22 22 
22 22 22 22 22 22 22 22 22 22 22 22 22 22 22 22 22 22 22 22 22 22 22 22 22 22 22 22 22 22 22 22 22 22 22 22 22 22 
22 22 22 22 22 22 22 22 22 22 22 22 22 22 22 22 22 22 22 22 22 22 22 22 22 22 22 22 22 22 22 163 163 163 22 22 22 22 
22 22 22 22 22 22 22 22 22 22 22 22 22 22 22 22 22 22 22 22 22 22 22 22 22 22 22 22 22 22 163 64 64 163 22 22 22 22 
22 22 22 22 22 22 22 22 22 22 22 22 22 22 22 22 22 22 22 22 22 22 22 22 22 22 22 22 22 163 65 65 64 163 22 22 22 22 
22 22 22 22 22 22 22 22 22 22 22 22 22 22 22 22 22 22 22 22 22 22 22 22 22 22 22 22 163 65 65 64 163 22 22 22 22 22 
22 22 22 22 22 22 22 22 22 22 22 22 22 22 22 22 22 22 163 163 163 163 22 22 22 22 22 163 65 65 64 163 22 22 22 22 22 22 
22 22 22 22 22 22 22 22 22 22 22 22 22 22 22 22 22 163 163 65 65 163 22 22 22 22 163 65 65 64 163 22 22 22 22 22 22 22 
22 22 22 22 22 22 22 22 22 22 22 22 22 22 22 22 22 163 64 65 65 163 22 22 22 163 65 65 64 163 22 22 22 22 22 22 22 22 
22 22 22 22 22 22 22 22 22 22 22 22 22 22 22 22 22 22 163 64 65 163 163 22 163 64 65 64 163 22 22 22 22 22 22 22 22 22 
22 22 22 22 22 22 22 22 22 22 22 22 22 22 22 22 22 22 22 163 64 64 163 163 163 163 64 163 22 22 22 22 22 22 22 22 22 22 
22 22 22 22 22 22 22 22 22 22 22 22 22 22 22 22 22 22 22 22 163 64 163 64 64 163 163 22 22 22 22 22 22 22 22 22 22 22 
22 22 22 22 22 22 22 22 22 22 22 22 22 22 22 22 22 22 22 22 28 163 163 64 64 163 22 22 22 22 22 22 22 22 22 22 22 22 
22 22 22 22 22 22 22 22 22 22 22 22 22 22 22 22 22 22 22 28 28 28 163 163 163 163 163 22 22 22 22 22 22 22 22 22 22 22 
22 22 22 22 22 22 22 22 22 22 22 22 22 22 22 22 22 22 28 28 28 28 80 163 64 64 163 163 163 163 22 22 22 22 22 22 22 22 
22 22 22 22 22 22 22 22 22 22 22 22 22 22 22 22 22 31 31 31 28 28 80 80 163 64 65 65 65 163 22 22 22 22 22 22 22 22 
22 22 22 22 22 22 22 22 22 22 22 22 22 22 22 22 31 31 31 28 28 80 80 22 22 163 64 65 65 163 22 22 22 22 22 22 22 22 
22 22 22 22 22 22 22 22 22 22 22 22 22 22 22 31 31 31 28 28 80 80 22 22 22 22 163 64 163 163 22 22 22 22 22 22 22 22 
22 22 22 22 22 22 22 22 22 22 22 22 22 22 31 31 31 28 28 80 80 22 22 22 22 22 22 163 163 22 22 22 22 22 22 22 22 22 
22 22 22 22 22 22 22 22 22 22 22 22 22 31 31 31 28 28 80 80 22 22 22 22 22 22 22 22 22 22 22 22 22 22 22 22 22 22 
22 22 22 22 22 22 22 22 22 22 22 22 31 31 31 28 28 80 80 22 22 22 22 22 22 22 22 22 22 22 22 22 22 22 22 22 22 22 
22 22 22 22 22 22 22 22 22 22 22 31 31 31 28 28 80 80 22 22 22 22 22 22 22 22 22 22 22 22 22 22 22 22 22 22 22 22 
22 22 22 22 22 22 22 22 22 22 31 31 31 28 28 80 80 22 22 22 22 22 22 22 22 22 22 22 22 22 22 22 22 22 22 22 22 22 
22 22 22 22 22 22 22 22 22 31 31 31 28 28 80 80 22 22 22 22 22 22 22 22 22 22 22 22 22 22 22 22 22 22 22 22 22 22 
22 22 22 22 22 22 22 22 31 31 31 28 28 80 80 22 22 22 22 22 22 22 22 22 22 22 22 22 22 22 22 22 22 22 22 22 22 22 
22 22 22 22 22 22 22 31 31 31 28 28 80 80 22 22 22 22 22 22 22 22 22 22 22 22 22 22 22 22 22 22 22 22 22 22 22 22 
22 22 22 22 22 22 31 31 31 28 28 80 80 22 22 22 22 22 22 22 22 22 22 22 22 22 22 22 22 22 22 22 22 22 22 22 22 22 
22 22 22 22 22 28 31 31 28 28 80 80 22 22 22 22 22 22 22 22 22 22 22 22 22 22 22 22 22 22 22 22 22 22 22 22 22 22 
22 22 22 22 22 28 28 28 28 80 80 22 22 22 22 22 22 22 22 22 22 22 22 22 22 22 22 22 22 22 22 22 22 22 22 22 22 22 
22 22 22 22 22 28 28 28 80 80 22 22 22 22 22 22 22 22 22 22 22 22 22 22 22 22 22 22 22 22 22 22 22 22 22 22 22 22 
22 22 22 22 22 80 80 80 80 22 22 22 22 22 22 22 22 22 22 22 22 22 22 22 22 22 22 22 22 22 22 22 22 22 22 22 22 22 
22 22 22 22 22 22 22 22 22 22 22 22 22 22 22 22 22 22 22 22 22 22 22 22 22 22 22 22 22 22 22 22 22 22 22 22 22 22 
28 22 22 22 22 22 22 22 22 22 22 22 22 22 22 22 22 22 22 22 22 22 22 22 22 22 22 22 22 22 22 22 22 22 22 22 22 28 
28 64 22 22 22 22 22 22 22 22 22 22 22 22 22 22 22 22 22 22 22 22 22 22 22 22 22 22 22 22 22 22 22 22 22 22 64 28 
