104 38
40 64 22 22 22 22 22 22 22 22 22 22 22 22 22 22 22 22 22 26 26 26 26 26 26 26 26 26 26 26 26 26 26 26 26 26 26 26 
64 22 22 22 22 22 22 22 22 22 22 22 22 22 22 22 22 22 22 26 22 22 22 22 22 22 22 22 22 22 22 22 22 22 22 22 22 30 
22 22 22 22 22 22 22 22 22 22 22 22 22 22 22 22 22 22 22 26 22 26 26 26 26 26 26 26 26 26 26 26 26 26 26 26 26 30 
22 22 22 22 22 22 22 22 22 22 22 22 22 22 22 22 22 22 22 26 22 26 26 26 26 26 26 26 26 26 26 26 26 26 26 26 26 30 
22 22 22 22 22 22 22 22 22 22 22 22 22 22 22 22 22 22 22 26 22 26 26 26 26 26 26 26 26 26 26 26 26 26 26 26 26 30 
22 22 22 22 22 22 22 22 22 22 22 22 22 22 22 22 22 22 22 26 22 26 26 26 26 26 26 26 26 26 26 26 26 26 26 26 26 30 
22 22 22 22 22 22 22 22 22 22 22 22 22 22 22 22 22 22 22 26 22 26 26 26 26 26 26 26 26 26 26 26 26 26 26 26 26 30 
22 22 22 22 22 22 22 22 22 22 22 22 22 22 22 22 22 22 22 26 22 26 26 26 26 26 26 26 26 26 26 26 26 26 26 26 26 30 
22 22 22 22 22 22 22 22 22 22 22 22 22 22 22 22 22 22 22 26 22 26 26 26 26 26 26 26 26 26 26 26 26 26 26 26 26 30 
22 22 22 22 22 22 22 22 22 22 22 22 22 22 22 22 22 22 22 26 22 26 26 26 26 26 26 26 26 26 26 26 26 26 26 26 26 30 
22 22 22 22 22 22 22 22 22 22 22 22 22 22 22 22 22 22 22 26 22 26 26 26 26 26 26 26 26 26 26 26 26 26 26 26 26 30 
22 22 22 22 22 22 22 22 22 22 22 22 22 22 22 22 22 22 22 26 22 26 26 26 26 26 26 26 26 26 26 26 26 26 26 26 26 30 
22 22 22 22 22 22 22 22 22 22 22 22 22 22 22 22 22 22 22 26 22 26 26 26 26 26 26 26 26 26 26 26 26 26 26 26 26 30 
22 22 22 22 22 89 89 89 89 89 89 89 89 89 22 22 22 22 22 26 22 26 26 26 26 26 26 26 26 26 26 26 26 26 26 26 26 30 
22 22 22 22 22 22 89 89 89 89 89 89 89 89 89 89 22 22 22 26 22 26 26 26 26 26 26 26 26 26 26 26 26 26 26 26 26 30 
22 22 22 22 22 22 22 22 22 22 22 22 89 89 89 89 89 22 22 26 22 26 26 26 26 26 26 26 26 26 26 26 26 26 26 26 26 30 
22 22 22 22 22 22 22 22 22 22 89 89 89 89 89 22 22 22 22 26 22 26 26 26 26 26 26 26 26 26 26 26 26 26 26 26 26 30 
22 22 22 22 22 22 22 22 22 22 22 89 89 89 22 22 22 22 22 26 22 26 26 26 26 31 31 31 31 31 31 31 31 31 26 26 26 30 
22 22 22 22 22 22 22 22 22 22 22 22 22 89 89 89 22 22 22 26 22 26 26 26 26 31 31 31 31 31 31 31 31 31 26 26 26 30 
22 22 22 22 22 89 89 89 89 89 89 89 89 89 89 89 89 22 22 26 22 26 26 26 26 26 26 26 26 31 26 26 26 26 26 26 26 30 
22 22 22 22 22 22 89 89 89 89 89 89 89 89 89 22 22 22 22 26 22 26 26 26 26 26 26 26 26 31 26 26 26 26 26 26 26 30 
22 22 22 22 22 89 89 89 89 89 89 89 89 89 89 89 22 22 22 26 22 26 26 26 26 26 26 26 26 31 26 26 26 26 26 26 26 30 
22 22 22 22 22 89 89 89 89 89 89 89 89 89 89 89 89 22 22 26 22 26 26 26 26 26 26 26 26 31 26 26 26 26 26 26 26 30 
22 22 22 22 22 89 89 22 22 22 89 89 22 22 22 89 89 22 22 26 22 26 26 26 26 26 26 26 26 31 26 26 26 26 26 26 26 30 
22 22 22 22 22 89 89 22 22 22 89 89 22 22 22 89 89 22 22 26 22 26 26 26 26 31 31 31 31 31 31 31 31 31 26 26 26 30 
22 22 22 22 22 89 89 22 22 22 89 89 22 22 22 89 89 22 22 26 22 26 26 26 26 31 31 31 31 31 31 31 31 31 26 26 26 30 
22 22 22 22 22 89 89 22 22 22 22 89 22 22 22 89 89 22 22 26 22 26 26 26 26 26 26 26 26 26 26 26 26 26 26 26 26 30 
22 22 22 22 22 22 89 22 22 22 22 22 22 22 22 22 89 22 22 26 22 26 26 26 26 26 26 26 26 26 26 26 26 26 26 26 26 30 
22 22 22 22 22 22 22 22 22 22 22 22 22 22 22 22 22 22 22 26 22 26 26 26 26 26 26 26 31 31 31 31 31 26 26 26 26 30 
22 22 22 22 22 22 22 22 89 89 89 89 89 89 89 89 22 22 22 26 22 26 26 26 26 26 26 31 31 31 31 31 31 31 26 26 26 30 
22 22 22 22 22 22 22 89 89 89 89 89 89 89 89 89 89 22 22 26 22 26 26 26 26 26 26 31 26 26 26 26 26 31 26 26 26 30 
22 22 22 22 22 22 89 89 89 22 22 22 89 89 22 22 22 22 22 26 22 26 26 26 26 26 26 31 26 26 26 26 26 31 26 26 26 30 
22 22 22 22 22 89 89 89 22 22 22 22 89 89 22 22 22 22 22 26 22 26 26 26 26 26 26 31 26 26 26 26 26 31 26 26 26 30 
22 22 22 22 22 22 89 22 22 22 22 22 89 89 22 22 22 22 22 26 22 26 26 26 26 26 26 31 31 31 31 31 31 31 26 26 26 30 
22 22 22 22 22 22 22 89 22 22 22 22 89 89 22 22 22 22 22 26 22 26 26 26 26 26 26 26 31 31 31 31 31 26 26 26 26 30 
22 22 22 22 22 22 22 22 89 89 89 89 89 89 89 89 22 22 22 26 22 26 26 26 26 26 26 26 26 26 26 26 26 26 26 26 26 30 
22 22 22 22 22 22 22 22 22 89 89 89 89 89 89 89 89 22 22 26 22 26 26 26 26 26 26 26 26 26 26 26 26 26 26 26 26 30 
22 22 22 22 22 89 89 89 89 89 89 89 89 89 89 89 22 22 22 26 22 26 26 26 31 31 31 31 31 31 31 31 31 31 26 26 26 30 
22 22 22 22 22 89 89 89 89 89 89 89 89 89 89 89 89 22 22 26 22 26 26 26 31 31 31 31 31 31 31 31 31 31 26 26 26 30 
22 22 22 22 22 89 89 22 22 22 22 89 89 22 22 22 22 22 22 26 22 26 26 26 26 26 26 26 26 26 26 26 26 26 26 26 26 30 
22 22 22 22 22 89 89 22 22 22 22 89 89 22 22 22 22 22 22 26 22 26 26 26 26 26 26 26 26 26 26 26 26 26 26 26 26 30 
22 22 22 22 22 89 89 22 22 22 22 89 89 22 22 22 22 22 22 26 22 26 26 26 26 26 26 31 31 31 26 26 26 26 26 26 26 30 
22 22 22 22 22 22 89 22 22 22 89 89 89 22 22 22 22 22 22 26 22 26 26 26 26 26 26 31 31 31 31 31 26 26 26 26 26 30 
22 22 22 22 22 22 22 89 89 89 89 89 22 22 22 22 22 22 22 26 22 26 26 26 26 26 26 26 26 26 31 31 31 31 26 31 31 30 
22 22 22 22 22 22 22 22 89 89 89 22 22 22 22 22 22 22 22 26 22 26 26 26 26 26 26 26 26 26 26 26 31 31 31 31 31 30 
22 22 22 22 22 22 22 89 89 89 89 89 89 89 22 22 22 22 22 26 22 26 26 26 26 26 26 26 26 26 31 31 31 31 31 26 26 30 
22 22 22 22 22 22 89 89 89 89 89 89 89 89 89 22 22 22 22 26 22 26 26 26 26 26 26 31 31 31 31 31 26 26 26 26 26 30 
22 22 22 22 22 89 89 89 22 22 22 22 22 22 22 89 22 22 22 26 22 26 26 26 26 26 26 31 31 31 26 26 26 26 26 26 26 30 
22 22 22 22 22 89 89 22 22 22 22 22 22 22 22 89 89 22 22 26 22 26 26 26 26 26 26 26 26 26 26 26 26 26 26 26 26 30 
22 22 22 22 22 89 89 22 22 22 22 22 22 22 22 89 89 22 22 26 22 26 26 26 26 26 26 26 26 26 26 26 26 26 26 26 26 30 
22 22 22 22 22 22 89 22 22 22 22 22 22 22 89 89 89 22 22 26 22 26 26 26 26 26 26 26 26 26 26 26 26 26 26 26 26 30 
22 22 22 22 22 22 22 89 89 89 89 89 89 89 89 89 22 22 22 26 22 26 26 26 26 26 26 26 26 26 26 26 26 26 26 26 26 30 
22 22 22 22 22 22 22 22 89 89 89 89 89 89 89 22 22 22 22 26 22 26 26 26 26 26 26 26 26 26 26 26 26 26 26 26 26 30 
22 22 22 22 22 89 89 89 89 89 89 89 89 89 89 89 22 22 22 26 22 26 26 26 26 26 26 26 26 26 26 26 26 26 26 26 26 30 
22 22 22 22 22 22 89 89 89 89 89 89 89 89 89 89 89 22 22 26 22 26 26 26 26 26 26 26 26 26 26 26 26 26 26 26 26 30 
22 22 22 22 22 22 22 89 89 22 22 22 22 22 22 22 22 22 22 26 22 26 26 26 26 26 26 26 26 26 26 26 26 26 26 26 26 30 
22 22 22 22 22 22 22 22 89 89 89 22 22 22 22 22 22 22 22 26 22 26 26 26 26 26 26 26 26 26 26 26 26 26 26 26 26 30 
22 22 22 22 22 22 22 22 22 22 89 89 89 22 22 22 22 22 22 26 22 26 26 26 26 26 26 26 26 26 26 26 26 26 26 26 26 30 
22 22 22 22 22 22 22 22 22 22 22 22 89 89 22 22 22 22 22 26 22 26 26 26 26 26 26 26 26 26 26 26 26 26 26 26 26 30 
22 22 22 22 22 89 89 89 89 89 89 89 89 89 89 89 22 22 22 26 22 26 26 26 26 26 26 26 26 26 26 26 26 26 26 26 26 30 
22 22 22 22 22 22 89 89 89 89 89 89 89 89 89 89 89 22 22 26 22 26 26 26 26 26 26 26 26 26 26 26 26 26 26 26 26 30 
22 22 22 22 22 22 22 22 22 22 22 22 22 22 22 22 22 22 22 26 22 26 26 26 26 26 26 26 26 26 26 26 26 26 26 26 26 30 
22 22 22 22 22 22 22 22 22 22 22 22 22 22 22 22 22 22 22 26 22 26 26 26 26 26 26 26 26 26 26 26 26 26 26 26 26 30 
22 22 22 22 22 22 22 22 22 22 22 22 22 22 22 22 22 22 22 26 22 26 26 26 26 26 26 26 26 26 26 26 26 26 26 26 26 30 
22 22 22 22 22 22 22 22 22 22 22 22 22 22 22 22 22 22 22 26 22 26 26 26 26 26 26 26 26 26 26 26 26 26 26 26 26 30 
22 22 22 22 22 22 22 22 22 22 22 22 22 22 22 22 22 22 22 26 22 26 26 26 26 26 26 26 26 26 26 26 26 26 26 26 26 30 
22 22 22 22 22 22 22 22 22 22 22 22 22 22 22 22 22 22 22 26 30 30 30 30 30 30 30 30 30 30 30 30 30 30 30 30 30 30 
22 22 22 22 22 22 22 22 22 22 22 22 22 22 22 22 22 22 22 31 31 31 31 31 31 31 31 31 31 31 31 31 31 31 31 31 31 31 
22 22 22 22 22 22 22 22 22 22 22 22 22 22 22 22 22 22 22 22 22 22 22 22 22 22 22 22 22 22 22 22 22 22 22 22 22 22 
22 22 22 22 22 22 22 22 22 22 22 22 22 22 22 22 22 22 22 22 22 22 22 22 22 22 22 22 22 22 22 22 22 22 22 22 22 22 
22 22 22 22 22 22 22 22 22 22 22 22 22 22 22 22 22 22 22 22 22 22 22 22 22 22 22 22 22 22 22 22 22 22 22 22 22 22 
22 22 22 22 22 22 22 22 22 22 22 22 22 22 22 22 22 22 22 22 22 22 22 22 22 22 22 22 22 22 22 22 22 22 22 22 22 22 
22 22 22 22 22 22 22 22 22 22 22 22 22 22 22 22 22 22 22 22 22 22 22 22 22 22 22 22 22 22 22 96 96 96 22 22 22 22 
22 22 22 22 22 22 22 22 22 22 22 22 22 22 22 22 22 22 22 22 22 22 22 22 22 22 22 22 22 22 96 95 95 96 22 22 22 22 
22 22 22 22 22 22 22 22 22 22 22 22 22 22 22 22 22 22 22 22 22 22 22 22 22 22 22 22 22 96 95 95 96 96 22 22 22 22 
22 22 22 22 22 22 22 22 22 22 22 22 22 22 22 22 22 22 96 96 22 22 22 22 22 22 22 22 96 95 95 96 96 22 22 22 22 22 
22 22 22 22 22 22 22 22 22 22 22 22 22 22 22 22 22 96 96 96 22 22 22 22 22 22 22 96 95 95 96 96 22 22 22 22 22 22 
22 22 22 22 22 22 22 22 22 22 22 22 22 22 22 22 22 96 95 96 96 22 22 22 22 22 96 95 95 96 96 22 22 22 22 22 22 22 
22 22 22 22 22 22 22 22 22 22 22 22 22 22 22 22 22 96 95 95 96 96 22 22 22 96 96 95 96 96 22 22 22 22 22 22 22 22 
22 22 22 22 22 22 22 22 22 22 22 22 22 22 22 22 22 22 56 95 95 96 96 80 80 80 96 96 96 22 22 22 22 22 22 22 22 22 
22 22 22 22 22 22 22 22 22 22 22 22 22 22 22 22 22 22 22 56 80 95 80 64 64 80 80 96 22 22 22 22 22 22 22 22 22 22 
22 22 22 22 22 22 22 22 22 22 22 22 22 22 22 22 22 22 22 22 56 80 64 31 64 64 80 22 22 22 22 22 22 22 22 22 22 22 
22 22 22 22 22 22 22 22 22 22 22 22 22 22 22 22 22 22 22 22 96 56 64 64 64 64 80 22 22 22 22 22 22 22 22 22 22 22 
22 22 22 22 22 22 22 22 22 22 22 22 22 22 22 22 22 22 22 96 96 96 56 64 64 80 96 22 22 22 22 22 22 22 22 22 22 22 
22 22 22 22 22 22 22 22 22 22 22 22 22 22 22 22 22 22 95 95 95 96 96 56 80 95 96 96 22 22 22 22 22 22 22 22 22 22 
22 22 22 22 22 22 22 22 22 22 22 22 22 22 22 22 22 31 31 95 95 95 96 96 56 80 95 96 96 22 22 22 22 22 22 22 22 22 
22 22 22 22 22 22 22 22 22 22 22 22 22 22 22 22 31 31 31 95 95 96 96 22 22 56 95 95 96 96 96 22 22 22 22 22 22 22 
22 22 22 22 22 22 22 22 22 22 22 22 22 22 22 31 31 31 95 95 96 96 22 22 22 22 56 95 95 96 96 22 22 22 22 22 22 22 
22 22 22 22 22 22 22 22 22 22 22 22 22 22 31 31 31 95 95 96 96 22 22 22 22 22 22 96 96 96 22 22 22 22 22 22 22 22 
22 22 22 22 22 22 22 22 22 22 22 22 22 31 31 31 95 95 96 96 22 22 22 22 22 22 22 22 22 22 22 22 22 22 22 22 22 22 
22 22 22 22 22 22 22 22 22 22 22 22 31 31 31 95 95 96 96 22 22 22 22 22 22 22 22 22 22 22 22 22 22 22 22 22 22 22 
22 22 22 22 22 22 22 22 22 22 22 31 31 31 95 95 96 96 22 22 22 22 22 22 22 22 22 22 22 22 22 22 22 22 22 22 22 22 
22 22 22 22 22 22 22 22 22 22 31 31 31 95 95 96 96 22 22 22 22 22 22 22 22 22 22 22 22 22 22 22 22 22 22 22 22 22 
22 22 22 22 22 22 22 22 22 31 31 31 95 95 96 96 22 22 22 22 22 22 22 22 22 22 22 22 22 22 22 22 22 22 22 22 22 22 
22 22 22 22 22 22 22 22 31 31 31 95 95 96 96 22 22 22 22 22 22 22 22 22 22 22 22 22 22 22 22 22 22 22 22 22 22 22 
22 22 22 22 22 22 22 31 31 31 95 95 96 96 22 22 22 22 22 22 22 22 22 22 22 22 22 22 22 22 22 22 22 22 22 22 22 22 
22 22 22 22 22 22 31 31 31 95 95 96 96 22 22 22 22 22 22 22 22 22 22 22 22 22 22 22 22 22 22 22 22 22 22 22 22 22 
22 22 22 22 22 95 31 31 95 95 96 96 22 22 22 22 22 22 22 22 22 22 22 22 22 22 22 22 22 22 22 22 22 22 22 22 22 22 
22 22 22 22 22 95 95 95 95 96 96 22 22 22 22 22 22 22 22 22 22 22 22 22 22 22 22 22 22 22 22 22 22 22 22 22 22 22 
22 22 22 22 22 95 95 95 96 96 22 22 22 22 22 22 22 22 22 22 22 22 22 22 22 22 22 22 22 22 22 22 22 22 22 22 22 22 
22 22 22 22 22 96 96 96 96 22 22 22 22 22 22 22 22 22 22 22 22 22 22 22 22 22 22 22 22 22 22 22 22 22 22 22 22 22 
22 22 22 22 22 22 22 22 22 22 22 22 22 22 22 22 22 22 22 22 22 22 22 22 22 22 22 22 22 22 22 22 22 22 22 22 22 22 
28 22 22 22 22 22 22 22 22 22 22 22 22 22 22 22 22 22 22 22 22 22 22 22 22 22 22 22 22 22 22 22 22 22 22 22 22 28 
28 64 22 22 22 22 22 22 22 22 22 22 22 22 22 22 22 22 22 22 22 22 22 22 22 22 22 22 22 22 22 22 22 22 22 22 64 28 
